1 140.93546988 92.04445789 60 
2 141.29000259 95.76967035 60
3 152.92165639 112.76066249 60 
4 148.5007822 118.52222444 60  
5 129.07805965 111.68504425 60 
6 125.38803827 112.3068509 60
7 122.81099104 115.11928327 60
8 122.51326125 118.84946533 60
9 131.01774927 137.60214162 60
10 125.66355335 142.50849575 60
11 107.72316948 132.40246731 60
12 103.98123223 132.37406183 60
13 100.95496238 134.69626748 60
14 100.01401645 138.31807946 60 
15 105.13293412 158.2626493 60
16 99.00810102 162.16471852 60
17 83.09516531 149.09690839 60
18 79.41500906 148.41915387 60
19 76.03146827 150.18057375 60
20 74.47589637 153.58396873 60
21 76.05370798 174.11442646 60
22 69.34433764 176.89364838 60
23 55.9423566 161.26111537 60
24 52.43580102 159.95460503 60
25 48.79779647 161.10171929 60
26 46.67486387 164.18328683 60
27 44.6636284 184.67582489 60
28 37.57358166 186.24775425 60
29 27.08976769 168.52548495 60
30 23.86335771 166.62991646 60
31 20.08142832 167.12787062 60
32 17.45563925 169.79397884 60
33 11.91646708 189.62594182 60 
34 4.6611714 189.94281635 60 
35 -2.5859301 170.66929295 60
36 -5.43416165 168.24226219 60
37 -9.24510387 168.07592616 60
38 -12.29396613 170.24556672 60
39 -21.19277007 188.81437047 60
40 -28.39286618 187.86656209 60
41 -32.18305572 167.62740085 60
42 -34.56656676 164.74265192 60
43 -38.29072826 163.91707974 60
44 -41.67002558 165.52432921 60
45 -53.65807562 182.26577002 60
46 -60.5842009 180.0820774 60
47 -60.80231547 159.492235 60
48 -62.64868423 156.23741954 60
49 -66.17290824 154.77769579 60
50 -69.77996239 155.77371871 60
51 -84.4930077 170.17911637 60
52 -90.93471532 166.82588992 60
53 -87.57412764 146.51097829 60
54 -88.82725313 142.98499222 60
55 -92.04445789 140.93546988 60
56 -95.76967034 141.29000259 60
57 -112.76066249 152.92165639 60
58 -118.52222444 148.5007822 60
59 -111.68504425 129.07805965 60 
60 -112.3068509 125.38803827 60 
61 -115.11928327 122.81099104 60
62 -118.84946533 122.51326125 60
63 -137.60214162 131.01774927 60
64 -142.50849575 125.66355335 60
65 -132.40246731 107.72316948 60
66 -132.37406183 103.98123223 60
67 -134.69626747 100.95496238 60
68 -138.31807946 100.01401645 60 
69 -158.2626493 105.13293412 60 
70 -162.16471852 99.00810102 60
71 -149.09690839 83.09516531 60 
72 -148.41915387 79.41500906 60
73 -150.18057375 76.03146827 60
74 -153.58396873 74.47589637 60
75 -174.11442646 76.05370798 60
76 -176.89364838 69.34433764 60
77 -161.26111537 55.9423566 60
78 -159.95460503 52.43580102 60
79 -161.10171929 48.79779647 60 
80 -164.18328683 46.67486387 60 
81 -184.67582489 44.6636284 60 
82 -186.24775425 37.57358166 60
83 -168.52548495 27.08976769 60
84 -166.62991646 23.86335771 60
85 -167.12787062 20.08142832 60
86 -169.79397884 17.45563925 60
87 -189.62594182 11.91646708 60
88 -189.94281635 4.6611714 60
89 -170.66929295 -2.5859301 60 
90 -168.24226219 -5.43416165 60 
91 -168.07592616 -9.24510387 60
92 -170.24556672 -12.29396613 60
93 -188.81437047 -21.19277007 60
94 -187.86656209 -28.39286618 60
95 -167.62740085 -32.18305572 60
96 -164.74265192 -34.56656676 60
97 -163.91707974 -38.29072826 60
98 -165.52432921 -41.67002558 60
99 -182.26577002 -53.65807562 60 
100 -180.0820774 -60.5842009 60
101 -159.492235 -60.80231547 60 
102 -156.23741954 -62.64868423 60
103 -154.77769579 -66.17290824 60
104 -155.77371871 -69.77996239 60
105 -170.17911637 -84.4930077 60
106 -166.82588992 -90.93471532 60
107 -146.51097829 -87.57412764 60
108 -142.98499222 -88.82725313 60
109 -140.93546988 -92.04445789 60
110 -141.29000259 -95.76967034 60 
111 -152.92165639 -112.76066249 60 
112 -148.5007822 -118.52222444 60
113 -129.07805965 -111.68504425 60 
114 -125.38803827 -112.3068509 60
115 -122.81099104 -115.11928327 60
116 -122.51326125 -118.84946533 60
117 -131.01774927 -137.60214162 60
118 -125.66355335 -142.50849575 60
119 -107.72316948 -132.40246731 60 
120 -103.98123223 -132.37406183 60
121 -100.95496238 -134.69626747 60
122 -100.01401645 -138.31807946 60
123 -105.13293412 -158.2626493 60
124 -99.00810102 -162.16471852 60
125 -83.09516531 -149.09690839 60
126 -79.41500906 -148.41915387 60
127 -76.03146827 -150.18057375 60
128 -74.47589637 -153.58396873 60
129 -76.05370798 -174.11442646 60
130 -69.34433764 -176.89364838 60
131 -55.9423566 -161.26111537 60 
132 -52.43580102 -159.95460503 60
133 -48.79779647 -161.10171929 60
134 -46.67486387 -164.18328683 60
135 -44.6636284 -184.67582489 60
136 -37.57358166 -186.24775425 60
137 -27.08976769 -168.52548495 60
138 -23.86335771 -166.62991646 60
139 -20.08142832 -167.12787062 60
140 -17.45563925 -169.79397884 60
141 -11.91646708 -189.62594182 60
142 -4.6611714 -189.94281635 60
143 2.5859301 -170.66929295 60
144 5.43416165 -168.24226219 60
145 9.24510387 -168.07592616 60
146 12.29396613 -170.24556672 60
147 21.19277007 -188.81437047 60
148 28.39286618 -187.86656209 60
149 32.18305572 -167.62740085 60 
150 34.56656676 -164.74265192 60 
151 38.29072826 -163.91707974 60 
152 41.67002558 -165.52432921 60 
153 53.65807562 -182.26577002 60
154 60.5842009 -180.0820774 60
155 60.80231547 -159.492235 60
156 62.64868423 -156.23741954 60
157 66.17290824 -154.77769579 60
158 69.77996239 -155.77371871 60
159 84.4930077 -170.17911637 60 
160 90.93471533 -166.82588992 60 
161 87.57412764 -146.51097829 60
162 88.82725313 -142.98499222 60
163 92.04445789 -140.93546988 60
164 95.76967035 -141.29000259 60
165 112.76066249 -152.92165639 60
166 118.52222444 -148.5007822 60
167 111.68504425 -129.07805965 60
168 112.3068509 -125.38803827 60
169 115.11928327 -122.81099104 60 
170 118.84946533 -122.51326125 60 
171 137.60214162 -131.01774927 60 
172 142.50849575 -125.66355335 60
173 132.40246731 -107.72316948 60
174 132.37406183 -103.98123223 60
175 134.69626748 -100.95496238 60
176 138.31807946 -100.01401645 60
177 158.2626493 -105.13293412 60
178 162.16471852 -99.00810102 60
179 149.09690839 -83.09516531 60 
180 148.41915387 -79.41500906 60
181 150.18057375 -76.03146827 60  
182 153.58396873 -74.47589637 60
183 174.11442646 -76.05370798 60
184 176.89364838 -69.34433764 60
185 161.26111537 -55.9423566 60
186 159.95460503 -52.43580102 60
187 161.10171929 -48.79779647 60
188 164.18328683 -46.67486387 60 
189 184.67582489 -44.6636284 60 
190 186.24775425 -37.57358166 60 
191 168.52548495 -27.08976769 60
192 166.62991646 -23.86335771 60
193 167.12787062 -20.08142832 60
194 169.79397884 -17.45563925 60
195 189.62594182 -11.91646708 60
196 189.94281635 -4.6611714 60
197 170.66929295 2.5859301 60
198 168.24226219 5.43416165 60
199 168.07592616 9.24510387 60  
200 170.24556672 12.29396613 60  
201 188.81437047 21.19277007 60
202 187.86656209 28.39286618 60
203 167.62740085 32.18305572 60
204 164.74265192 34.56656676 60
205 163.91707974 38.29072826 60
206 165.52432921 41.67002558 60
207 182.26577002 53.65807562 60
208 180.0820774 60.5842009 60
209 159.492235 60.80231547 60 
210 156.23741954 62.64868423 60 
211 154.77769579 66.17290824 60 
212 155.77371871 69.77996239 60
213 170.17911637 84.4930077 60
214 166.82588992 90.93471533 60
215 146.51097829 87.57412764 60
216 142.98499222 88.82725313 60
433 140.93546988 92.04445789 0 
434 141.29000259 95.76967035 0
435 152.92165639 112.76066249 0 
436 148.5007822 118.52222444 0  
437 129.07805965 111.68504425 0 
438 125.38803827 112.3068509 0
439 122.81099104 115.11928327 0
440 122.51326125 118.84946533 0
441 131.01774927 137.60214162 0
442 125.66355335 142.50849575 0
443 107.72316948 132.40246731 0
444 103.98123223 132.37406183 0
445 100.95496238 134.69626748 0
446 100.01401645 138.31807946 0 
447 105.13293412 158.2626493 0
448 99.00810102 162.16471852 0
449 83.09516531 149.09690839 0
450 79.41500906 148.41915387 0
451 76.03146827 150.18057375 0
452 74.47589637 153.58396873 0
453 76.05370798 174.11442646 0
454 69.34433764 176.89364838 0
455 55.9423566 161.26111537 0
456 52.43580102 159.95460503 0
457 48.79779647 161.10171929 0
458 46.67486387 164.18328683 0
459 44.6636284 184.67582489 0
460 37.57358166 186.24775425 0
461 27.08976769 168.52548495 0
462 23.86335771 166.62991646 0
463 20.08142832 167.12787062 0
464 17.45563925 169.79397884 0
465 11.91646708 189.62594182 0 
466 4.6611714 189.94281635 0 
467 -2.5859301 170.66929295 0
468 -5.43416165 168.24226219 0
469 -9.24510387 168.07592616 0
470 -12.29396613 170.24556672 0
471 -21.19277007 188.81437047 0
472 -28.39286618 187.86656209 0
473 -32.18305572 167.62740085 0
474 -34.56656676 164.74265192 0
475 -38.29072826 163.91707974 0
476 -41.67002558 165.52432921 0
477 -53.65807562 182.26577002 0
478 -60.5842009 180.0820774 0
479 -60.80231547 159.492235 0
480 -62.64868423 156.23741954 0
481 -66.17290824 154.77769579 0
482 -69.77996239 155.77371871 0
483 -84.4930077 170.17911637 0
484 -90.93471532 166.82588992 0
485 -87.57412764 146.51097829 0
486 -88.82725313 142.98499222 0
487 -92.04445789 140.93546988 0
488 -95.76967034 141.29000259 0
489 -112.76066249 152.92165639 0
490 -118.52222444 148.5007822 0
491 -111.68504425 129.07805965 0 
492 -112.3068509 125.38803827 0 
493 -115.11928327 122.81099104 0
494 -118.84946533 122.51326125 0
495 -137.60214162 131.01774927 0
496 -142.50849575 125.66355335 0
497 -132.40246731 107.72316948 0
498 -132.37406183 103.98123223 0
499 -134.69626747 100.95496238 0
500 -138.31807946 100.01401645 0 
501 -158.2626493 105.13293412 0 
502 -162.16471852 99.00810102 0
503 -149.09690839 83.09516531 0 
504 -148.41915387 79.41500906 0
505 -150.18057375 76.03146827 0
506 -153.58396873 74.47589637 0
507 -174.11442646 76.05370798 0
508 -176.89364838 69.34433764 0
509 -161.26111537 55.9423566 0
510 -159.95460503 52.43580102 0
511 -161.10171929 48.79779647 0 
512 -164.18328683 46.67486387 0 
513 -184.67582489 44.6636284 0 
514 -186.24775425 37.57358166 0
515 -168.52548495 27.08976769 0
516 -166.62991646 23.86335771 0
517 -167.12787062 20.08142832 0
518 -169.79397884 17.45563925 0
519 -189.62594182 11.91646708 0
520 -189.94281635 4.6611714 0
521 -170.66929295 -2.5859301 0 
522 -168.24226219 -5.43416165 0 
523 -168.07592616 -9.24510387 0
524 -170.24556672 -12.29396613 0
525 -188.81437047 -21.19277007 0
526 -187.86656209 -28.39286618 0
527 -167.62740085 -32.18305572 0
528 -164.74265192 -34.56656676 0
529 -163.91707974 -38.29072826 0
530 -165.52432921 -41.67002558 0
531 -182.26577002 -53.65807562 0 
532 -180.0820774 -60.5842009 0
533 -159.492235 -60.80231547 0 
534 -156.23741954 -62.64868423 0
535 -154.77769579 -66.17290824 0
536 -155.77371871 -69.77996239 0
537 -170.17911637 -84.4930077 0
538 -166.82588992 -90.93471532 0
539 -146.51097829 -87.57412764 0
540 -142.98499222 -88.82725313 0
541 -140.93546988 -92.04445789 0
542 -141.29000259 -95.76967034 0 
543 -152.92165639 -112.76066249 0 
544 -148.5007822 -118.52222444 0
545 -129.07805965 -111.68504425 0 
546 -125.38803827 -112.3068509 0
547 -122.81099104 -115.11928327 0
548 -122.51326125 -118.84946533 0
549 -131.01774927 -137.60214162 0
550 -125.66355335 -142.50849575 0
551 -107.72316948 -132.40246731 0 
552 -103.98123223 -132.37406183 0
553 -100.95496238 -134.69626747 0
554 -100.01401645 -138.31807946 0
555 -105.13293412 -158.2626493 0
556 -99.00810102 -162.16471852 0
557 -83.09516531 -149.09690839 0
558 -79.41500906 -148.41915387 0
559 -76.03146827 -150.18057375 0
560 -74.47589637 -153.58396873 0
561 -76.05370798 -174.11442646 0
562 -69.34433764 -176.89364838 0
563 -55.9423566 -161.26111537 0 
564 -52.43580102 -159.95460503 0
565 -48.79779647 -161.10171929 0
566 -46.67486387 -164.18328683 0
567 -44.6636284 -184.67582489 0
568 -37.57358166 -186.24775425 0
569 -27.08976769 -168.52548495 0
570 -23.86335771 -166.62991646 0
571 -20.08142832 -167.12787062 0
572 -17.45563925 -169.79397884 0
573 -11.91646708 -189.62594182 0
574 -4.6611714 -189.94281635 0
575 2.5859301 -170.66929295 0
576 5.43416165 -168.24226219 0
577 9.24510387 -168.07592616 0
578 12.29396613 -170.24556672 0
579 21.19277007 -188.81437047 0
580 28.39286618 -187.86656209 0
581 32.18305572 -167.62740085 0 
582 34.56656676 -164.74265192 0 
583 38.29072826 -163.91707974 0 
584 41.67002558 -165.52432921 0 
585 53.65807562 -182.26577002 0
586 60.5842009 -180.0820774 0
587 60.80231547 -159.492235 0
588 62.64868423 -156.23741954 0
589 66.17290824 -154.77769579 0
590 69.77996239 -155.77371871 0
591 84.4930077 -170.17911637 0 
592 90.93471533 -166.82588992 0 
593 87.57412764 -146.51097829 0
594 88.82725313 -142.98499222 0
595 92.04445789 -140.93546988 0
596 95.76967035 -141.29000259 0
597 112.76066249 -152.92165639 0
598 118.52222444 -148.5007822 0
599 111.68504425 -129.07805965 0
600 112.3068509 -125.38803827 0
601 115.11928327 -122.81099104 0 
602 118.84946533 -122.51326125 0 
603 137.60214162 -131.01774927 0 
604 142.50849575 -125.66355335 0
605 132.40246731 -107.72316948 0
606 132.37406183 -103.98123223 0
607 134.69626748 -100.95496238 0
608 138.31807946 -100.01401645 0
609 158.2626493 -105.13293412 0
610 162.16471852 -99.00810102 0
611 149.09690839 -83.09516531 0 
612 148.41915387 -79.41500906 0
613 150.18057375 -76.03146827 0  
614 153.58396873 -74.47589637 0
615 174.11442646 -76.05370798 0
616 176.89364838 -69.34433764 0
617 161.26111537 -55.9423566 0
618 159.95460503 -52.43580102 0
619 161.10171929 -48.79779647 0
620 164.18328683 -46.67486387 0 
621 184.67582489 -44.6636284 0 
622 186.24775425 -37.57358166 0 
623 168.52548495 -27.08976769 0
624 166.62991646 -23.86335771 0
625 167.12787062 -20.08142832 0
626 169.79397884 -17.45563925 0
627 189.62594182 -11.91646708 0
628 189.94281635 -4.6611714 0
629 170.66929295 2.5859301 0
630 168.24226219 5.43416165 0
631 168.07592616 9.24510387 0  
632 170.24556672 12.29396613 0  
633 188.81437047 21.19277007 0
634 187.86656209 28.39286618 0
635 167.62740085 32.18305572 0
636 164.74265192 34.56656676 0
637 163.91707974 38.29072826 0
638 165.52432921 41.67002558 0
639 182.26577002 53.65807562 0
640 180.0820774 60.5842009 0
641 159.492235 60.80231547 0 
642 156.23741954 62.64868423 0 
643 154.77769579 66.17290824 0 
644 155.77371871 69.77996239 0
645 170.17911637 84.4930077 0
646 166.82588992 90.93471533 0
647 146.51097829 87.57412764 0
648 142.98499222 88.82725313 0
217 75.3531295 49.21286289 60
218 74.49870227 50.49696388 60
219 72.43657408 53.41294539 60
220 70.34247578 56.14210632 60
221 68.05964865 58.88874447 60
222 67.04047671 60.04643605 60
223 65.66262219 61.55014254 60
224 64.59819383 62.66636542 60
225 62.06103913 65.17996182 60
226 59.52484106 67.5040243 60
227 56.7997465 69.81252608 60
228 55.59502703 70.77565238 60
229 53.97698933 72.01725226 60
230 52.73490195 72.93168115 60
231 49.7998109 74.96651809 60
232 46.89857417 76.81486667 60
233 43.81401279 78.61508941 60
234 42.46035059 79.35438632 60
235 40.65129296 80.29615421 60
236 39.26928677 80.98100466 60
237 36.02544062 82.47525464 60
238 32.84731783 83.79172818 60
239 29.49701247 85.02897303 60
240 28.03553789 85.52197738 60
241 26.09042763 86.13529814 60
242 24.61049418 86.56976133 60
243 21.15645556 87.47802232 60
244 17.79801236 88.22262043 60
245 14.28376036 88.85929434 60
246 12.75887955 89.09102644 60
247 10.73681785 89.35726463 60
248 9.20392418 89.5281396 60
249 5.6446423 89.82281455 60
250 2.2079233 89.97291301 60
251 -1.36349659 89.98967095 60
252 -2.90545089 89.95308975 60 
253 -4.93486225 89.86460446 60
254 -6.47336855 89.76689534 60
255 -10.02711038 89.43968391 60
256 -13.43616624 88.99140092 60
257 -16.95621004 88.38827378 60
258 -18.46803177 88.08479893 60
259 -20.45848616 87.64388367 60
260 -21.95661401 87.28062271 60
261 -25.54767407 86.29783514 60
262 -28.81471733 85.26260649 60
263 -32.04130654 84.1032382 60
264 -33.4776363 83.54189289 60
265 -35.4584227 82.72061569 60
266 -36.86713136 82.10246418 60
267 -40.0912392  80.57724579 60
268 -43.05098512 79.03551531 60
269 -46.21307203 77.2292171 60
270 -47.47132887 76.46223209 60
271 -49.19121447 75.36726358 60
272 -50.47481458 74.51371078 60
273 -53.38797628 72.45497904 60
274 -56.14210631 70.34247578 60
275 -58.86612668 68.07921217 60
276 -60.0608396 67.02757304 60
277 -61.52796218 65.68340635 60
278 -62.64390758 64.61997248 60
279 -65.19564719 62.04456131 60
280 -67.47971551 59.55239705 60
281 -69.80851445 56.80467683 60
282 -70.84123288 55.51143777 60
283 -71.99684698 54.00420378 60
284 -72.93528494 52.7299176 60
285 -74.94462314 49.83275492 60
286 -76.79390341 46.9328925 60
287 -78.6129874 43.81778419 60
288 -79.36465718 42.44114973 60
289 -80.29310542 40.65731449 60
290 -80.98100466 39.26928677 60
291 -82.47525464 36.02544062 60
292 -83.79172818 32.84731783 60
293 -85.02897303 29.49701247 60
294 -85.52197738 28.03553789 60
295 -86.13529814 26.09042763 60
296 -86.56976133 24.61049418 60
297 -87.47802232 21.15645556 60
298 -88.22152785 17.80342728 60
299 -88.85859931 14.28808345 60
300 -89.09041682 12.76313563 60
301 -89.3566873 10.74162158 60
302 -89.52769589 9.20823915 60
303 -89.8200919 5.68780201 60
304 -89.97259544 2.22082637 60
305 -89.98984447 -1.35199547 60
306 -89.95345315 -2.89417802 60
307 -89.86477114 -4.931826 60
308 -89.7670668 -6.47099051 60
309 -89.43977694 -10.02628054 60
310 -88.99126368 -13.43707514 60
311 -88.38781012 -16.95862676 60
312 -88.08415943 -18.47108168 60
313 -87.64296699 -20.4624128 60
314 -87.27945194 -21.96126747 60
315 -86.33969034 -25.40586295 60
316 -85.30565501 -28.68702188 60
317 -84.09983114 -32.05024809 60
318 -83.5381376 -33.48700594 60
319 -82.75782107 -35.37150055 60
320 -82.13788275 -36.78815322 60
321 -80.61383175 -40.01762276 60
322 -79.02759428 -43.06552382 60
323 -77.25606103 -46.16818205 60
324 -76.45338812 -47.48557092 60
325 -75.35572742 -49.20888481 60
326 -74.50136058 -50.49304181 60
327 -72.4417971 -53.4058614 60
328 -70.34547465 -56.13834871 60
329 -68.064361 -58.88329782 60
330 -67.04510112 -60.0412726 60
331 -65.66721732 -61.54524002 60
332 -64.60283148 -62.66158445 60
333 -62.06609502 -65.17514748 60
334 -59.52975553 -67.49969042 60
335 -56.80210172 -69.8106098 60
336 -55.59912717 -70.77243148 60
337 -53.98097272 -72.01426653 60
338 -52.73706535 -72.93011681 60
339 -49.802045 -74.96503394 60
340 -46.90239957 -76.81253097 60
341 -43.81714308 -78.61334474 60
342 -42.46329372 -79.35281146 60
343 -40.65404596 -80.2947604 60
344 -39.27193199 -80.97972189 60
345 -36.02797639 -82.47414696 60
346 -32.84768149 -83.79158562 60
347 -29.49717857 -85.02891542 60
348 -28.03606101 -85.52180589 60
349 -26.09042763 -86.13529814 60
350 -24.61049418 -86.56976133 60
351 -21.15645556 -87.47802232 60
352 -17.79801236 -88.22262043 60
353 -14.28376035 -88.85929434 60
354 -12.80435644 -89.08450177 60
355 -10.89424363 -89.33820826 60
356 -9.20392418 -89.5281396 60
357 -5.6446423 -89.82281455 60
358 -2.2079233 -89.97291301 60
359 1.36349659 -89.98967095 60
360 2.90545089 -89.95308975 60
361 4.9430247 -89.86415585 60
362 6.4823024 -89.76625065 60
363 10.03868056 -89.43838601 60
364 13.4492524 -88.98942415 60
365 16.96932438 -88.38575694 60
366 18.48150067 -88.08197394 60
367 20.47267595 -87.64057017 60
368 21.9715675 -87.2768596 60
369 25.41698319 -86.33641738 60
370 28.69777937 -85.30203666 60
371 32.05954784 -84.09628644 60
372 33.49599941 -83.53453192 60
373 35.3802753 -82.75407011 60
374 36.79323764 -82.13560534 60
375 40.02300365 -80.61116039 60
376 43.07433884 -79.02278996 60
377 46.17565816 -77.25159282 60
378 47.49273916 -76.44893542 60
379 49.21286289 -75.3531295 60
380 50.49696388 -74.49870227 60
381 53.41294539 -72.43657408 60
382 56.14210632 -70.34247578 60
383 58.88874447 -68.05964865 60
384 60.04643605 -67.04047671 60
385 61.55014254 -65.66262219 60
386 62.66636542 -64.59819383 60
387 65.17996182 -62.06103913 60
388 67.5040243 -59.52484106 60
389 69.81252608 -56.7997465 60
390 70.77565238 -55.59502703 60
391 72.01725226 -53.97698933 60
392 72.93168115 -52.73490195 60
393 74.96651809 -49.7998109 60
394 76.81486667 -46.89857417 60
395 78.61508941 -43.81401279 60
396 79.35438632 -42.46035059 60
397 80.29615421 -40.65129296 60
398 80.98100466 -39.26928677 60
399 82.47525464 -36.02544062 60
400 83.79172818 -32.84731783 60
401 85.02897303 -29.49701247 60
402 85.52197738 -28.03553789 60
403 86.13529814 -26.09042763 60
404 86.56976133 -24.61049418 60
405 87.47802232 -21.15645556 60
406 88.22262043 -17.79801236 60
407 88.85929434 -14.28376035 60
408 89.09102644 -12.75887955 60
409 89.35726463 -10.73681785 60
410 89.5281396 -9.20392418 60
411 89.82281455 -5.6446423 60
412 89.97291301 -2.2079233 60
413 89.98967095 1.36349659 60
414 89.95308975 2.90545089 60
415 89.86415585 4.9430247 60
416 89.76625065 6.4823024 60
417 89.43838601 10.03868056 60
418 88.98942415 13.4492524 60
419 88.38575694 16.96932438 60
420 88.08197394 18.48150067 60
421 87.64057017 20.47267595 60
422 87.2768596 21.9715675 60
423 86.33641738 25.41698319 60
424 85.30203666 28.69777937 60 
425 84.09628644 32.05954784 60
426 83.53453192 33.49599941 60
427 82.75407011 35.3802753 60
428 82.13560534 36.79323764 60
429 80.61116039 40.02300365 60
430 79.02278996 43.07433884 60
431 77.25159282 46.17565816 60
432 76.44893542 47.49273916 60
649 75.3531295 49.21286289 0
650 74.49870227 50.49696388 0
651 72.43657408 53.41294539 0
652 70.34247578 56.14210632 0
653 68.05964865 58.88874447 0
654 67.04047671 60.04643605 0
655 65.66262219 61.55014254 0
656 64.59819383 62.66636542 0
657 62.06103913 65.17996182 0
658 59.52484106 67.5040243 0
659 56.7997465 69.81252608 0
660 55.59502703 70.77565238 0
661 53.97698933 72.01725226 0
662 52.73490195 72.93168115 0
663 49.7998109 74.96651809 0
664 46.89857417 76.81486667 0
665 43.81401279 78.61508941 0
666 42.46035059 79.35438632 0
667 40.65129296 80.29615421 0
668 39.26928677 80.98100466 0
669 36.02544062 82.47525464 0
670 32.84731783 83.79172818 0
671 29.49701247 85.02897303 0
672 28.03553789 85.52197738 0
673 26.09042763 86.13529814 0
674 24.61049418 86.56976133 0
675 21.15645556 87.47802232 0
676 17.79801236 88.22262043 0
677 14.28376036 88.85929434 0
678 12.75887955 89.09102644 0
679 10.73681785 89.35726463 0
680 9.20392418 89.5281396 0
681 5.6446423 89.82281455 0
682 2.2079233 89.97291301 0
683 -1.36349659 89.98967095 0
684 -2.90545089 89.95308975 0 
685 -4.93486225 89.86460446 0
686 -6.47336855 89.76689534 0
687 -10.02711038 89.43968391 0
688 -13.43616624 88.99140092 0
689 -16.95621004 88.38827378 0
690 -18.46803177 88.08479893 0
691 -20.45848616 87.64388367 0
692 -21.95661401 87.28062271 0
693 -25.54767407 86.29783514 0
694 -28.81471733 85.26260649 0
695 -32.04130654 84.1032382 0
696 -33.4776363 83.54189289 0
697 -35.4584227 82.72061569 0
698 -36.86713136 82.10246418 0
699 -40.0912392  80.57724579 0
700 -43.05098512 79.03551531 0
701 -46.21307203 77.2292171 0
702 -47.47132887 76.46223209 0
703 -49.19121447 75.36726358 0
704 -50.47481458 74.51371078 0
705 -53.38797628 72.45497904 0
706 -56.14210631 70.34247578 0
707 -58.86612668 68.07921217 0
708 -60.0608396 67.02757304 0
709 -61.52796218 65.68340635 0
710 -62.64390758 64.61997248 0
711 -65.19564719 62.04456131 0
712 -67.47971551 59.55239705 0
713 -69.80851445 56.80467683 0
714 -70.84123288 55.51143777 0
715 -71.99684698 54.00420378 0
716 -72.93528494 52.7299176 0
717 -74.94462314 49.83275492 0
718 -76.79390341 46.9328925 0
719 -78.6129874 43.81778419 0
720 -79.36465718 42.44114973 0
721 -80.29310542 40.65731449 0
722 -80.98100466 39.26928677 0
723 -82.47525464 36.02544062 0
724 -83.79172818 32.84731783 0
725 -85.02897303 29.49701247 0
726 -85.52197738 28.03553789 0
727 -86.13529814 26.09042763 0
728 -86.56976133 24.61049418 0
729 -87.47802232 21.15645556 0
730 -88.22152785 17.80342728 0
731 -88.85859931 14.28808345 0
732 -89.09041682 12.76313563 0
733 -89.3566873 10.74162158 0
734 -89.52769589 9.20823915 0
735 -89.8200919 5.68780201 0
736 -89.97259544 2.22082637 0
737 -89.98984447 -1.35199547 0
738 -89.95345315 -2.89417802 0
739 -89.86477114 -4.931826 0
740 -89.7670668 -6.47099051 0
741 -89.43977694 -10.02628054 0
742 -88.99126368 -13.43707514 0
743 -88.38781012 -16.95862676 0
744 -88.08415943 -18.47108168 0
745 -87.64296699 -20.4624128 0
746 -87.27945194 -21.96126747 0
747 -86.33969034 -25.40586295 0
748 -85.30565501 -28.68702188 0
749 -84.09983114 -32.05024809 0
750 -83.5381376 -33.48700594 0
751 -82.75782107 -35.37150055 0
752 -82.13788275 -36.78815322 0
753 -80.61383175 -40.01762276 0
754 -79.02759428 -43.06552382 0
755 -77.25606103 -46.16818205 0
756 -76.45338812 -47.48557092 0
757 -75.35572742 -49.20888481 0
758 -74.50136058 -50.49304181 0
759 -72.4417971 -53.4058614 0
760 -70.34547465 -56.13834871 0
761 -68.064361 -58.88329782 0
762 -67.04510112 -60.0412726 0
763 -65.66721732 -61.54524002 0
764 -64.60283148 -62.66158445 0
765 -62.06609502 -65.17514748 0
766 -59.52975553 -67.49969042 0
767 -56.80210172 -69.8106098 0
768 -55.59912717 -70.77243148 0
769 -53.98097272 -72.01426653 0
770 -52.73706535 -72.93011681 0
771 -49.802045 -74.96503394 0
772 -46.90239957 -76.81253097 0
773 -43.81714308 -78.61334474 0
774 -42.46329372 -79.35281146 0
775 -40.65404596 -80.2947604 0
776 -39.27193199 -80.97972189 0
777 -36.02797639 -82.47414696 0
778 -32.84768149 -83.79158562 0
779 -29.49717857 -85.02891542 0
780 -28.03606101 -85.52180589 0
781 -26.09042763 -86.13529814 0
782 -24.61049418 -86.56976133 0
783 -21.15645556 -87.47802232 0
784 -17.79801236 -88.22262043 0
785 -14.28376035 -88.85929434 0
786 -12.80435644 -89.08450177 0
787 -10.89424363 -89.33820826 0
788 -9.20392418 -89.5281396 0
789 -5.6446423 -89.82281455 0
790 -2.2079233 -89.97291301 0
791 1.36349659 -89.98967095 0
792 2.90545089 -89.95308975 0
793 4.9430247 -89.86415585 0
794 6.4823024 -89.76625065 0
795 10.03868056 -89.43838601 0
796 13.4492524 -88.98942415 0
797 16.96932438 -88.38575694 0
798 18.48150067 -88.08197394 0
799 20.47267595 -87.64057017 0
800 21.9715675 -87.2768596 0
801 25.41698319 -86.33641738 0
802 28.69777937 -85.30203666 0
803 32.05954784 -84.09628644 0
804 33.49599941 -83.53453192 0
805 35.3802753 -82.75407011 0
806 36.79323764 -82.13560534 0
807 40.02300365 -80.61116039 0
808 43.07433884 -79.02278996 0
809 46.17565816 -77.25159282 0
810 47.49273916 -76.44893542 0
811 49.21286289 -75.3531295 0
812 50.49696388 -74.49870227 0
813 53.41294539 -72.43657408 0
814 56.14210632 -70.34247578 0
815 58.88874447 -68.05964865 0
816 60.04643605 -67.04047671 0
817 61.55014254 -65.66262219 0
818 62.66636542 -64.59819383 0
819 65.17996182 -62.06103913 0
820 67.5040243 -59.52484106 0
821 69.81252608 -56.7997465 0
822 70.77565238 -55.59502703 0
823 72.01725226 -53.97698933 0
824 72.93168115 -52.73490195 0
825 74.96651809 -49.7998109 0
826 76.81486667 -46.89857417 0
827 78.61508941 -43.81401279 0
828 79.35438632 -42.46035059 0
829 80.29615421 -40.65129296 0
830 80.98100466 -39.26928677 0
831 82.47525464 -36.02544062 0
832 83.79172818 -32.84731783 0
833 85.02897303 -29.49701247 0
834 85.52197738 -28.03553789 0
835 86.13529814 -26.09042763 0
836 86.56976133 -24.61049418 0
837 87.47802232 -21.15645556 0
838 88.22262043 -17.79801236 0
839 88.85929434 -14.28376035 0
840 89.09102644 -12.75887955 0
841 89.35726463 -10.73681785 0
842 89.5281396 -9.20392418 0
843 89.82281455 -5.6446423 0
844 89.97291301 -2.2079233 0
845 89.98967095 1.36349659 0
846 89.95308975 2.90545089 0
847 89.86415585 4.9430247 0
848 89.76625065 6.4823024 0
849 89.43838601 10.03868056 0
850 88.98942415 13.4492524 0
851 88.38575694 16.96932438 0
852 88.08197394 18.48150067 0
853 87.64057017 20.47267595 0
854 87.2768596 21.9715675 0
855 86.33641738 25.41698319 0
856 85.30203666 28.69777937 0 
857 84.09628644 32.05954784 0
858 83.53453192 33.49599941 0
859 82.75407011 35.3802753 0
860 82.13560534 36.79323764 0
861 80.61116039 40.02300365 0
862 79.02278996 43.074338865 0
863 77.25159282 46.175658165 0
864 76.44893542 47.492739165 0
865 0 0 60
866 0 0 0
901 10 -235.58787765 114.89622757  
902 10 -236.02139204 118.66840314 
903 10 -228.61076921 137.80924189 
904 10 -234.04887563 142.21315044 
905 10 -251.23122668 130.98569072 
906 10 -255.01112121 130.6256344 
907 10 -258.31876924 132.77375937 
908 10 -259.5270897 136.37337114 
909 10 -256.2580109 156.63669177 
910 10 -262.49290573 159.81371845 
911 10 -276.96546104 145.25919401 
912 10 -280.5878959 144.12112152 
913 10 -284.26988417 145.53460611 
914 10 -286.2002013 148.80433377 
915 10 -287.21554098 169.30453193 
916 10 -293.97472938 171.11582543 
917 10 -305.10496885 153.87033882 
918 10 -308.41162623 152.00398939 
919 10 -312.3070342 152.62105754 
920 10 -314.87498388 155.41799831 
921 10 -320.13036681 175.25911697 
922 10 -327.11843982 175.62551507 
923 10 -334.41991857 156.44277681 
924 10 -337.2662817 153.92971886 
925 10 -341.20486133 153.72340174 
926 10 -344.29821184 155.92531589 
927 10 -353.56395257 174.24020294 
928 10 -360.47549786 173.14569229 
929 10 -363.62910624 152.8640801 
930 10 -365.89077538 149.81414632 
931 10 -369.70039186 148.79346097 
932 10 -373.18394892 150.30411428 
933 10 -386.05509012 166.29232129 
934 10 -392.58804001 163.78473725 
935 10 -391.4559502 143.29065489 
936 10 -393.03407955 139.83714204 
937 10 -396.54823435 138.04669731 
938 10 -400.26974982 138.80006698 
939 10 -416.18376085 151.76283258 
940 10 -422.05259408 147.95176861 
941 10 -416.68428383 128.14090583 
942 10 -417.50990157 124.43474897 
943 10 -420.57500926 121.95279589 
944 10 -424.37183505 121.91595605 
945 10 -442.63319728 131.28674517 
946 10 -447.58141766 126.33876306 
947 10 -438.21150789 108.07694962 
948 10 -438.24853056 104.28012561 
949 10 -440.73063124 101.21513743 
950 10 -444.43682785 100.38969816 
951 10 -464.2474321 105.75896236 
952 10 -468.05877867 99.89031266 
953 10 -455.0967794 83.97567745 
954 10 -454.34358894 80.2541257  
955 10 -456.13420289 76.74005712 
956 10 -459.58779173 75.16209407  
957 10 -480.08181955 76.29517074 
958 10 -482.58971817 69.76234161 
959 10 -466.60213097 56.89043054 
960 10 -465.09164541 53.40680073 
961 10 -466.11251421 49.59723341 
962 10 -469.16255688 47.33571114 
963 10 -489.44432091 44.1830794 
964 10 -490.53916438 37.27158681 
965 10 -472.22472352 28.00496417 
966 10 -470.02295833 24.91150764 
967 10 -470.22946511 20.9729379 
968 10 -472.74266012 18.12669583 
969 10 -491.92574995 10.8261408 
970 10 -491.55968835 3.83805016 
971 10 -471.71882278 -1.41828818 
972 10 -468.92200567 -3.98637254 
973 10 -468.30512509 -7.88181022 
974 10 -470.17163375 -11.18837773 
975 10 -487.4176563 -22.31778676 
976 10 -485.60668828 -29.07706237 
977 10 -465.10653904 -30.0933892 
978 10 -461.83690433 -32.02386378 
979 10 -460.42359704 -35.70592011 
980 10 -461.56184397 -39.32830016 
981 10 -476.1170653 -53.80015461  
982 10 -472.94033885 -60.03520241 
983 10 -452.67686083 -56.76709936 
984 10 -449.07730725 -57.97559316 
985 10 -446.92934156 -61.28334462 
986 10 -447.28957989 -65.06322182 
987 10 -458.51786699 -82.2450322 
988 10 -454.11422031 -87.68335068 
989 10 -434.97302473 -80.27364955 
990 10 -431.20087004 -80.70734559 
991 10 -428.41212235 -83.49622757 
992 10 -427.97860796 -87.26840314 
993 10 -435.38923079 -106.40924189 
994 10 -429.95112437 -110.81315044 
995 10 -412.76877332 -99.58569072 
996 10 -408.98887879 -99.2256344 
997 10 -405.68123076 -101.37375937 
998 10 -404.4729103 -104.97337114 
999 10 -407.7419891 -125.23669177 
1000 10 -401.50709427 -128.41371845  
1001 10 -387.03453896 -113.85919401 
1002 10 -383.4121041 -112.72112152 
1003 10 -379.73011583 -114.13460611 
1004 10 -377.7997987 -117.40433377 
1005 10 -376.78445902 -137.90453193 
1006 10 -370.02527062 -139.71582543 
1007 10 -358.89503115 -122.47033882 
1008 10 -355.58837376 -120.60398939 
1009 10 -351.6929658 -121.22105754 
1010 10 -349.12501612 -124.01799831 
1011 10 -343.86963319 -143.85911697 
1012 10 -336.88156018 -144.22551507 
1013 10 -329.58008143 -125.04277681 
1014 10 -326.7337183 -122.52971886 
1015 10 -322.79513867 -122.32340174 
1016 10 -319.70178816 -124.52531589 
1017 10 -310.43604743 -142.84020294 
1018 10 -303.52450214 -141.74569229 
1019 10 -300.37089376 -121.46408009 
1020 10 -298.10922462 -118.41414632 
1021 10 -294.29960814 -117.39346097 
1022 10 -290.81605108 -118.90411428 
1023 10 -277.94490988 -134.89232129 
1024 10 -271.41195999 -132.38473725 
1025 10 -272.5440498 -111.89065489 
1026 10 -270.96592045 -108.43714204 
1027 10 -267.45276565 -106.64669731 
1028 10 -263.73025018 -107.40006698 
1029 10 -247.81623915 -120.36283258 
1030 10 -241.94740592 -116.55176861 
1031 10 -247.31571617 -96.74090583 
1032 10 -246.49009843 -93.03474897 
1033 10 -243.42499074 -90.55279589 
1034 10 -239.62816495 -90.51595605 
1035 10 -221.36680272 -99.88674517 
1036 10 -216.41858234 -94.93876306 
1037 10 -225.78849211 -76.67694962 
1038 10 -225.75146944 -72.88012561 
1039 10 -223.26936876 -69.81513743 
1040 10 -219.56317215 -68.98969816 
1041 10 -199.7525679 -74.35896236 
1042 10 -195.94122133 -68.49031266 
1043 10 -208.9032206 -52.57567744 
1044 10 -209.65641106 -48.8541257 
1045 10 -207.86579711 -45.34005712 
1046 10 -204.41220827 -43.76209407 
1047 10 -183.91818045 -44.89517074 
1048 10 -181.41028183 -38.36234161 
1049 10 -197.39786903 -25.49043054 
1050 10 -198.90835459 -22.00680073 
1051 10 -197.88748579 -18.19723341 
1052 10 -194.83744312 -15.93571114 
1053 10 -174.55567909 -12.7830794  
1054 10 -173.46083562 -5.87158681 
1055 10 -191.77527648 3.39503583 
1056 10 -193.97704167 6.48849236 
1057 10 -193.77053489 10.42706206 
1058 10 -191.25733988 13.27330417 
1059 10 -172.07425005 20.5738592 
1060 10 -172.44031165 27.56194984 
1061 10 -192.28117722 32.81828818 
1062 10 -195.07799433 35.38637254 
1063 10 -195.69487491 39.28181022 
1064 10 -193.82836625 42.58837773 
1065 10 -176.5823437 53.71778676 
1066 10 -178.39331172 60.47706237 
1067 10 -198.89346096 61.4933892 
1068 10 -202.16309567 63.42386378 
1069 10 -203.57640296 67.10592011 
1070 10 -202.43815603 70.72830016 
1071 10 -187.8829347 85.20015461 
1072 10 -191.05966115 91.43520241 
1073 10 -211.32313917 88.16709937 
1074 10 -214.92269275 89.37559316 
1075 10 -217.07065844 92.68334462 
1076 10 -216.71042011 96.46322182 
1077 10 -205.48213301 113.6450322 
1078 10 -209.88577969 119.08335068 
1079 10 -229.02697527 111.67364955 
1080 10 -232.79912996 112.10734559 
1261 0 -235.58787765 114.89622757  
1262 0 -236.02139204 118.66840314 
1263 0 -228.61076921 137.80924189 
1264 0 -234.04887563 142.21315044 
1265 0 -251.23122668 130.98569072 
1266 0 -255.01112121 130.6256344 
1267 0 -258.31876924 132.77375937 
1268 0 -259.5270897 136.37337114 
1269 0 -256.2580109 156.63669177 
1270 0 -262.49290573 159.81371845 
1271 0 -276.96546104 145.25919401 
1272 0 -280.5878959 144.12112152 
1273 0 -284.26988417 145.53460611 
1274 0 -286.2002013 148.80433377 
1275 0 -287.21554098 169.30453193 
1276 0 -293.97472938 171.11582543 
1277 0 -305.10496885 153.87033882 
1278 0 -308.41162623 152.00398939 
1279 0 -312.3070342 152.62105754 
1280 0 -314.87498388 155.41799831 
1281 0 -320.13036681 175.25911697 
1282 0 -327.11843982 175.62551507 
1283 0 -334.41991857 156.44277681 
1284 0 -337.2662817 153.92971886 
1285 0 -341.20486133 153.72340174 
1286 0 -344.29821184 155.92531589 
1287 0 -353.56395257 174.24020294 
1288 0 -360.47549786 173.14569229 
1289 0 -363.62910624 152.8640801 
1290 0 -365.89077538 149.81414632 
1291 0 -369.70039186 148.79346097 
1292 0 -373.18394892 150.30411428 
1293 0 -386.05509012 166.29232129 
1294 0 -392.58804001 163.78473725 
1295 0 -391.4559502 143.29065489 
1296 0 -393.03407955 139.83714204 
1297 0 -396.54823435 138.04669731 
1298 0 -400.26974982 138.80006698 
1299 0 -416.18376085 151.76283258 
1300 0 -422.05259408 147.95176861 
1301 0 -416.68428383 128.14090583 
1302 0 -417.50990157 124.43474897 
1303 0 -420.57500926 121.95279589 
1304 0 -424.37183505 121.91595605 
1305 0 -442.63319728 131.28674517 
1306 0 -447.58141766 126.33876306 
1307 0 -438.21150789 108.07694962 
1308 0 -438.24853056 104.28012561 
1309 0 -440.73063124 101.21513743 
1310 0 -444.43682785 100.38969816 
1311 0 -464.2474321 105.75896236 
1312 0 -468.05877867 99.89031266 
1313 0 -455.0967794 83.97567745 
1314 0 -454.34358894 80.2541257  
1315 0 -456.13420289 76.74005712 
1316 0 -459.58779173 75.16209407  
1317 0 -480.08181955 76.29517074 
1318 0 -482.58971817 69.76234161 
1319 0 -466.60213097 56.89043054 
1320 0 -465.09164541 53.40680073 
1321 0 -466.11251421 49.59723341 
1322 0 -469.16255688 47.33571114 
1323 0 -489.44432091 44.1830794 
1324 0 -490.53916438 37.27158681 
1325 0 -472.22472352 28.00496417 
1326 0 -470.02295833 24.91150764 
1327 0 -470.22946511 20.9729379 
1328 0 -472.74266012 18.12669583 
1329 0 -491.92574995 10.8261408 
1330 0 -491.55968835 3.83805016 
1331 0 -471.71882278 -1.41828818 
1332 0 -468.92200567 -3.98637254 
1333 0 -468.30512509 -7.88181022 
1334 0 -470.17163375 -11.18837773 
1335 0 -487.4176563 -22.31778676 
1336 0 -485.60668828 -29.07706237 
1337 0 -465.10653904 -30.0933892 
1338 0 -461.83690433 -32.02386378 
1339 0 -460.42359704 -35.70592011 
1340 0 -461.56184397 -39.32830016 
1341 0 -476.1170653 -53.80015461  
1342 0 -472.94033885 -60.03520241 
1343 0 -452.67686083 -56.76709936 
1344 0 -449.07730725 -57.97559316 
1345 0 -446.92934156 -61.28334462 
1346 0 -447.28957989 -65.06322182 
1347 0 -458.51786699 -82.2450322 
1348 0 -454.11422031 -87.68335068 
1349 0 -434.97302473 -80.27364955 
1350 0 -431.20087004 -80.70734559 
1351 0 -428.41212235 -83.49622757 
1352 0 -427.97860796 -87.26840314 
1353 0 -435.38923079 -106.40924189 
1354 0 -429.95112437 -110.81315044 
1355 0 -412.76877332 -99.58569072 
1356 0 -408.98887879 -99.2256344 
1357 0 -405.68123076 -101.37375937 
1358 0 -404.4729103 -104.97337114 
1359 0 -407.7419891 -125.23669177 
1360 0 -401.50709427 -128.41371845  
1361 0 -387.03453896 -113.85919401 
1362 0 -383.4121041 -112.72112152 
1363 0 -379.73011583 -114.13460611 
1364 0 -377.7997987 -117.40433377 
1365 0 -376.78445902 -137.90453193 
1366 0 -370.02527062 -139.71582543 
1367 0 -358.89503115 -122.47033882 
1368 0 -355.58837376 -120.60398939 
1369 0 -351.6929658 -121.22105754 
1370 0 -349.12501612 -124.01799831 
1371 0 -343.86963319 -143.85911697 
1372 0 -336.88156018 -144.22551507 
1373 0 -329.58008143 -125.04277681 
1374 0 -326.7337183 -122.52971886 
1375 0 -322.79513867 -122.32340174 
1376 0 -319.70178816 -124.52531589 
1377 0 -310.43604743 -142.84020294 
1378 0 -303.52450214 -141.74569229 
1379 0 -300.37089376 -121.46408009 
1380 0 -298.10922462 -118.41414632 
1381 0 -294.29960814 -117.39346097 
1382 0 -290.81605108 -118.90411428 
1383 0 -277.94490988 -134.89232129 
1384 0 -271.41195999 -132.38473725 
1385 0 -272.5440498 -111.89065489 
1386 0 -270.96592045 -108.43714204 
1387 0 -267.45276565 -106.64669731 
1388 0 -263.73025018 -107.40006698 
1389 0 -247.81623915 -120.36283258 
1390 0 -241.94740592 -116.55176861 
1391 0 -247.31571617 -96.74090583 
1392 0 -246.49009843 -93.03474897 
1393 0 -243.42499074 -90.55279589 
1394 0 -239.62816495 -90.51595605 
1395 0 -221.36680272 -99.88674517 
1396 0 -216.41858234 -94.93876306 
1397 0 -225.78849211 -76.67694962 
1398 0 -225.75146944 -72.88012561 
1399 0 -223.26936876 -69.81513743 
1400 0 -219.56317215 -68.98969816 
1401 0 -199.7525679 -74.35896236 
1402 0 -195.94122133 -68.49031266 
1403 0 -208.9032206 -52.57567744 
1404 0 -209.65641106 -48.8541257 
1405 0 -207.86579711 -45.34005712 
1406 0 -204.41220827 -43.76209407 
1407 0 -183.91818045 -44.89517074 
1408 0 -181.41028183 -38.36234161 
1409 0 -197.39786903 -25.49043054 
1410 0 -198.90835459 -22.00680073 
1411 0 -197.88748579 -18.19723341 
1412 0 -194.83744312 -15.93571114 
1413 0 -174.55567909 -12.7830794  
1414 0 -173.46083562 -5.87158681 
1415 0 -191.77527648 3.39503583 
1416 0 -193.97704167 6.48849236 
1417 0 -193.77053489 10.42706206 
1418 0 -191.25733988 13.27330417 
1419 0 -172.07425005 20.5738592 
1420 0 -172.44031165 27.56194984 
1421 0 -192.28117722 32.81828818 
1422 0 -195.07799433 35.38637254 
1423 0 -195.69487491 39.28181022 
1424 0 -193.82836625 42.58837773 
1425 0 -176.5823437 53.71778676 
1426 0 -178.39331172 60.47706237 
1427 0 -198.89346096 61.4933892 
1428 0 -202.16309567 63.42386378 
1429 0 -203.57640296 67.10592011 
1430 0 -202.43815603 70.72830016 
1431 0 -187.8829347 85.20015461 
1432 0 -191.05966115 91.43520241 
1433 0 -211.32313917 88.16709937 
1434 0 -214.92269275 89.37559316 
1435 0 -217.07065844 92.68334462 
1436 0 -216.71042011 96.46322182 
1437 0 -205.48213301 113.6450322 
1438 0 -209.88577969 119.08335068 
1439 0 -229.02697527 111.67364955 
1440 0 -232.79912996 112.10734559 
1081 10 -279.72710781 69.4823832 
1082 10 -280.86180333 70.56241739 
1083 10 -283.53629807 72.93870714 
1084 10 -286.08541045 75.00303927 
1085 10 -288.96572911 77.12517016 
1086 10 -290.25803579 78.01058035  
1087 10 -292.05138215 79.17525448 
1088 10 -293.38583359 79.99577087 
1089 10 -296.49594261 81.76407427 
1090 10 -299.41854956 83.25330552 
1091 10 -302.67714216 84.73021084  
1092 10 -304.12529598 85.32758703 
1093 10 -306.12160278 86.09395256 
1094 10 -307.5974882 86.61909065 
1095 10 -311.00728483 87.70212434 
1096 10 -314.1756544 88.55116817 
1097 10 -317.67010481 89.31830006 
1098 10 -319.21081448 89.60153404 
1099 10 -321.32283355 89.93609713 
1100 10 -322.87564968 90.14290585 
1101 10 -326.43610944 90.49333608 
1102 10 -329.71176866 90.66508519 
1103 10 -333.28935264 90.68891631 
1104 10 -334.88528177 90.6456294 
1105 10 -336.99070773 90.53376802 
1106 10 -338.55258905 90.41320885 
1107 10 -342.10810276 90.01572013 
1108 10 -345.34788962 89.50266826 
1109 10 -348.85224958 88.78215708 
1110 10 -350.37495954 88.41424112 
1111 10 -352.44046403 87.86084416 
1112 10 -353.94314884 87.41818611 
1113 10 -357.33832349 86.29015061 
1114 10 -360.40064376 85.11472059 
1115 10 -363.67862234 83.6813569 
1116 10 -365.09156341 83.004889159 
1117 10 -366.99687397 82.03414515 
1118 10 -368.37468772 81.2887345 
1119 10 -371.4611379 79.47945277 
1120 10 -374.21215347 77.69301654 
1121 10 -377.12048729 75.60944522 
1122 10 -378.36190716 74.65399532 
1123 10 -380.02375258 73.30832568 
1124 10 -381.21647821 72.29274046 
1125 10 -383.85931122 69.8812868 
1126 10 -386.17878953 67.56192018 
1127 10 -388.59037044 64.9192033 
1128 10 -389.6060131 63.72652657 
1129 10 -390.95176276 62.06474595  
1130 10 -391.90727244 60.82337209 
1131 10 -393.9909838 57.91513861 
1132 10 -395.7775525 55.16420906 
1133 10 -397.58698285 52.07784601 
1134 10 -398.33245985 50.70006815 
1135 10 -399.30329803 48.79480434 
1136 10 -399.97983139 47.38189585 
1137 10 -401.41335292 44.10398629 
1138 10 -402.58893039 41.04172263 
1139 10 -403.71712939 37.6466023 
1140 10 -404.1598598 36.14393881 
1141 10 -404.71335622 34.07846097 
1142 10 -405.0813455 32.55576872 
1143 10 -405.80202543 29.05144347 
1144 10 -406.3152333 25.81168132 
1145 10 -406.71289323 22.25618675 
1146 10 -406.83352761 20.69431123 
1147 10 -406.94549182 18.55889066 
1148 10 -406.98885414 16.99296362 
1149 10 -406.96519529 13.4153785 
1150 10 -406.79360391 10.13971101 
1151 10 -406.44334513 6.57923438 
1152 10 -406.23881118 5.02640829 
1153 10 -405.9021498 2.91437312 
1154 10 -405.61899001 1.37364981 
1155 10 -404.85202639 -2.12083754 
1156 10 -404.00313513 -5.28924799 
1157 10 -402.92026563 -8.69909676 
1158 10 -402.39519862 -10.17500747 
1159 10 -401.62892921 -12.17135118  
1160 10 -401.03162276 -13.61953375 
1161 10 -399.55487436 -16.87819747 
1162 10 -398.06578384 -19.80087613 
1163 10 -396.29763021 -22.9110703 
1164 10 -395.47717808 -24.24556125 
1165 10 -394.3125903 -26.03896369  
1166 10 -393.42724234 -27.331313 
1167 10 -391.30525015 -30.21173384 
1168 10 -389.24104077 -32.76094563 
1169 10 -386.86487981 -35.43555479 
1170 10 -385.78490026 -36.57030232 
1171 10 -384.27289219 -38.0823832 
1172 10 -383.13819667 -39.16241739 
1173 10 -380.46370193 -41.53870714 
1174 10 -377.91458955 -43.60303927 
1175 10 -375.03427089 -45.72517016 
1176 10 -373.74196421 -46.61058035 
1177 10 -371.94861785 -47.77525448 
1178 10 -370.61416641 -48.59577087 
1179 10 -367.50405739 -50.36407427 
1180 10 -364.58145044 -51.85330552 
1181 10 -361.32285784 -53.33021084 
1182 10 -359.87470402 -53.92758703 
1183 10 -357.87839722 -54.69395256 
1184 10 -356.4025118 -55.21909065 
1185 10 -352.99271517 -56.30212434 
1186 10 -349.8243456 -57.15116817 
1187 10 -346.32989519 -57.91830006 
1188 10 -344.78918552 -58.20153404 
1189 10 -342.67716645 -58.53609713  
1190 10 -341.12435032 -58.74290585 
1191 10 -337.56389056 -59.09333608 
1192 10 -334.28823134 -59.26508519 
1193 10 -330.71064736 -59.28891631 
1194 10 -329.14471823 -59.2456294 
1195 10 -327.00929227 -59.13376802 
1196 10 -325.44741095 -59.01320885 
1197 10 -321.89189723 -58.61572013 
1198 10 -318.65211038 -58.10266826 
1199 10 -315.14775042 -57.38215708 
1200 10 -313.62504046 -57.01424112 
1201 10 -311.55953597 -56.46084416 
1202 10 -310.05685116 -56.01818611 
1203 10 -306.66167651 -54.89015061 
1204 10 -303.59935624 -53.71472059 
1205 10 -300.32137766 -52.2813569 
1206 10 -298.90843659 -51.60489159 
1207 10 -297.00312603 -50.63414515 
1208 10 -295.62531228 -49.8887345 
1209 10 -292.5388621 -48.07945277 
1210 10 -289.78784653 -46.29301654 
1211 10 -286.87951271 -44.20944522 
1212 10 -285.63809284 -43.25399532 
1213 10 -283.97624742 -41.90832568 
1214 10 -282.78352179 -40.89274046 
1215 10 -280.14068878 -38.4812868 
1216 10 -277.82121047 -36.16192018 
1217 10 -275.40962956 -33.5192033  
1218 10 -274.3939869 -32.32652657 
1219 10 -273.04823724 -30.66474595 
1220 10 -272.09272756 -29.42337209 
1221 10 -270.0090162 -26.51513861 
1222 10 -268.2224475 -23.76420906 
1223 10 -266.41301715 -20.67784601 
1224 10 -265.66754015 -19.30006815 
1225 10 -264.69670197 -17.39480434 
1226 10 -264.02016861 -15.98189585 
1227 10 -262.58664708 -12.70398629 
1228 10 -261.41106961 -9.64172263 
1229 10 -260.28287061 -6.2466023 
1230 10 -259.8401402 -4.74393881 
1231 10 -259.28664378 -2.67846097 
1232 10 -258.9186545 -1.15576872 
1233 10 -258.19797457 2.34855653 
1234 10 -257.6847667 5.58831868 
1235 10 -257.28710677 9.14381325 
1236 10 -257.16647238 10.70568877 
1237 10 -257.05450818 12.84110934 
1238 10 -257.01114586 14.40703638 
1239 10 -257.03480471 17.9846215 
1240 10 -257.20639609 21.26028899 
1241 10 -257.55665487 24.82076562 
1242 10 -257.76338882 26.37359171 
1243 10 -258.0978502 28.48562688  
1244 10 -258.38100999 30.02635019 
1245 10 -259.14797361 33.52083754 
1246 10 -259.99686487 36.68924799 
1247 10 -261.07973437 40.09909676 
1248 10 -261.60480138 41.57500747 
1249 10 -262.37107079 43.57135118 
1250 10 -262.96837724 45.01953375 
1251 10 -264.44512564 48.27819747 
1252 10 -265.93421616 51.20087613 
1253 10 -267.70236979 54.3110703 
1254 10 -268.52282192 55.64556125 
1255 10 -269.6874097 57.43896369 
1256 10 -270.57275766 58.731313 
1257 10 -272.69474985 61.61173384 
1258 10 -274.75895923 64.16094563 
1259 10 -277.13512019 66.83555479 
1260 10 -278.21509974 67.97030232 
1441 0 -279.72710781 69.4823832 
1442 0 -280.86180333 70.56241739 
1443 0 -283.53629807 72.93870714 
1444 0 -286.08541045 75.00303927 
1445 0 -288.96572911 77.12517016 
1446 0 -290.25803579 78.01058035  
1447 0 -292.05138215 79.17525448 
1448 0 -293.38583359 79.99577087 
1449 0 -296.49594261 81.76407427 
1450 0 -299.41854956 83.25330552 
1451 0 -302.67714216 84.73021084  
1452 0 -304.12529598 85.32758703 
1453 0 -306.12160278 86.09395256 
1454 0 -307.5974882 86.61909065 
1455 0 -311.00728483 87.70212434 
1456 0 -314.1756544 88.55116817 
1457 0 -317.67010481 89.31830006 
1458 0 -319.21081448 89.60153404 
1459 0 -321.32283355 89.93609713 
1460 0 -322.87564968 90.14290585 
1461 0 -326.43610944 90.49333608 
1462 0 -329.71176866 90.66508519 
1463 0 -333.28935264 90.68891631 
1464 0 -334.88528177 90.6456294 
1465 0 -336.99070773 90.53376802 
1466 0 -338.55258905 90.41320885 
1467 0 -342.10810276 90.01572013 
1468 0 -345.34788962 89.50266826 
1469 0 -348.85224958 88.78215708 
1470 0 -350.37495954 88.41424112 
1471 0 -352.44046403 87.86084416 
1472 0 -353.94314884 87.41818611 
1473 0 -357.33832349 86.29015061 
1474 0 -360.40064376 85.11472059 
1475 0 -363.67862234 83.6813569 
1476 0 -365.09156341 83.004889159 
1477 0 -366.99687397 82.03414515 
1478 0 -368.37468772 81.2887345 
1479 0 -371.4611379 79.47945277 
1480 0 -374.21215347 77.69301654 
1481 0 -377.12048729 75.60944522 
1482 0 -378.36190716 74.65399532 
1483 0 -380.02375258 73.30832568 
1484 0 -381.21647821 72.29274046 
1485 0 -383.85931122 69.8812868 
1486 0 -386.17878953 67.56192018 
1487 0 -388.59037044 64.9192033 
1488 0 -389.6060131 63.72652657 
1489 0 -390.95176276 62.06474595  
1490 0 -391.90727244 60.82337209 
1491 0 -393.9909838 57.91513861 
1492 0 -395.7775525 55.16420906 
1493 0 -397.58698285 52.07784601 
1494 0 -398.33245985 50.70006815 
1495 0 -399.30329803 48.79480434 
1496 0 -399.97983139 47.38189585 
1497 0 -401.41335292 44.10398629 
1498 0 -402.58893039 41.04172263 
1499 0 -403.71712939 37.6466023 
1500 0 -404.1598598 36.14393881 
1501 0 -404.71335622 34.07846097 
1502 0 -405.0813455 32.55576872 
1503 0 -405.80202543 29.05144347 
1504 0 -406.3152333 25.81168132 
1505 0 -406.71289323 22.25618675 
1506 0 -406.83352761 20.69431123 
1507 0 -406.94549182 18.55889066 
1508 0 -406.98885414 16.99296362 
1509 0 -406.96519529 13.4153785 
1510 0 -406.79360391 10.13971101 
1511 0 -406.44334513 6.57923438 
1512 0 -406.23881118 5.02640829 
1513 0 -405.9021498 2.91437312 
1514 0 -405.61899001 1.37364981 
1515 0 -404.85202639 -2.12083754 
1516 0 -404.00313513 -5.28924799 
1517 0 -402.92026563 -8.69909676 
1518 0 -402.39519862 -10.17500747 
1519 0 -401.62892921 -12.17135118  
1520 0 -401.03162276 -13.61953375 
1521 0 -399.55487436 -16.87819747 
1522 0 -398.06578384 -19.80087613 
1523 0 -396.29763021 -22.9110703 
1524 0 -395.47717808 -24.24556125 
1525 0 -394.3125903 -26.03896369  
1526 0 -393.42724234 -27.331313 
1527 0 -391.30525015 -30.21173384 
1528 0 -389.24104077 -32.76094563 
1529 0 -386.86487981 -35.43555479 
1530 0 -385.78490026 -36.57030232 
1531 0 -384.27289219 -38.0823832 
1532 0 -383.13819667 -39.16241739 
1533 0 -380.46370193 -41.53870714 
1534 0 -377.91458955 -43.60303927 
1535 0 -375.03427089 -45.72517016 
1536 0 -373.74196421 -46.61058035 
1537 0 -371.94861785 -47.77525448 
1538 0 -370.61416641 -48.59577087 
1539 0 -367.50405739 -50.36407427 
1540 0 -364.58145044 -51.85330552 
1541 0 -361.32285784 -53.33021084 
1542 0 -359.87470402 -53.92758703 
1543 0 -357.87839722 -54.69395256 
1544 0 -356.4025118 -55.21909065 
1545 0 -352.99271517 -56.30212434 
1546 0 -349.8243456 -57.15116817 
1547 0 -346.32989519 -57.91830006 
1548 0 -344.78918552 -58.20153404 
1549 0 -342.67716645 -58.53609713  
1550 0 -341.12435032 -58.74290585 
1551 0 -337.56389056 -59.09333608 
1552 0 -334.28823134 -59.26508519 
1553 0 -330.71064736 -59.28891631 
1554 0 -329.14471823 -59.2456294 
1555 0 -327.00929227 -59.13376802 
1556 0 -325.44741095 -59.01320885 
1557 0 -321.89189723 -58.61572013 
1558 0 -318.65211038 -58.10266826 
1559 0 -315.14775042 -57.38215708 
1560 0 -313.62504046 -57.01424112 
1561 0 -311.55953597 -56.46084416 
1562 0 -310.05685116 -56.01818611 
1563 0 -306.66167651 -54.89015061 
1564 0 -303.59935624 -53.71472059 
1565 0 -300.32137766 -52.2813569 
1566 0 -298.90843659 -51.60489159 
1567 0 -297.00312603 -50.63414515 
1568 0 -295.62531228 -49.8887345 
1569 0 -292.5388621 -48.07945277 
1570 0 -289.78784653 -46.29301654 
1571 0 -286.87951271 -44.20944522 
1572 0 -285.63809284 -43.25399532 
1573 0 -283.97624742 -41.90832568 
1574 0 -282.78352179 -40.89274046 
1575 0 -280.14068878 -38.4812868 
1576 0 -277.82121047 -36.16192018 
1577 0 -275.40962956 -33.5192033  
1578 0 -274.3939869 -32.32652657 
1579 0 -273.04823724 -30.66474595 
1580 0 -272.09272756 -29.42337209 
1581 0 -270.0090162 -26.51513861 
1582 0 -268.2224475 -23.76420906 
1583 0 -266.41301715 -20.67784601 
1584 0 -265.66754015 -19.30006815 
1585 0 -264.69670197 -17.39480434 
1586 0 -264.02016861 -15.98189585 
1587 0 -262.58664708 -12.70398629 
1588 0 -261.41106961 -9.64172263 
1589 0 -260.28287061 -6.2466023 
1590 0 -259.8401402 -4.74393881 
1591 0 -259.28664378 -2.67846097 
1592 0 -258.9186545 -1.15576872 
1593 0 -258.19797457 2.34855653 
1594 0 -257.6847667 5.58831868 
1595 0 -257.28710677 9.14381325 
1596 0 -257.16647238 10.70568877 
1597 0 -257.05450818 12.84110934 
1598 0 -257.01114586 14.40703638 
1599 0 -257.03480471 17.9846215 
1600 0 -257.20639609 21.26028899 
1601 0 -257.55665487 24.82076562 
1602 0 -257.76338882 26.37359171 
1603 0 -258.0978502 28.48562688  
1604 0 -258.38100999 30.02635019 
1605 0 -259.14797361 33.52083754 
1606 0 -259.99686487 36.68924799 
1607 0 -261.07973437 40.09909676 
1608 0 -261.60480138 41.57500747 
1609 0 -262.37107079 43.57135118 
1610 0 -262.96837724 45.01953375 
1611 0 -264.44512564 48.27819747 
1612 0 -265.93421616 51.20087613 
1613 0 -267.70236979 54.3110703 
1614 0 -268.52282192 55.64556125 
1615 0 -269.6874097 57.43896369 
1616 0 -270.57275766 58.731313 
1617 0 -272.69474985 61.61173384 
1618 0 -274.75895923 64.16094563 
1619 0 -277.13512019 66.83555479 
1620 0 -278.21509974 67.97030232 
1621 -332 15.7 60
1622 -332 15.7 0
Faces:
1080 1079 1078 1077 1076 1075 1074 1073 1072 1071 1070 1069 1068 1067 1066 1065 1064 1063 1062 1061 1060
1059 1058 1057 1056 1055 1054 1053 1052 1051 1050 1049 1048 1047 1046 1045 1044 1043 1042 1041 1040
1039 1038 1037 1036 1035 1034 1033 1032 1031 1030 1029 1028 1027 1026 1025 1024 1023 1022 1021 1020
1019 1018 1017 1016 1015 1014 1013 1012 1011 1010 1009 1008 1007 1006 1005 1004 1003 1002 1001 1000
999 998 997 996 995 994 993 992 991 990 989 988 987 986 985 984 983 982 981 980
979 978 977 976 975 974 973 972 971 970 969 968 967 966 965 964 963 962 961 960
959 958 957 956 955 954 953 952 951 950 949 948 947 946 945 944 943 942 941 940
939 938 937 936 935 934 933 932 931 930 929 928 927 926 925 924 923 922 921 920
919 918 917 916 915 914 913 912 911 910 909 908 907 906 905 904 903 902 901
-1081 1082 1083 1084 1085 1086 1087 1088 1089 1090 1091 1092 1093 1094 1095 1096 1097 1098 1099
1100 1101 1102 1103 1104 1105 1106 1107 1108 1109 1110 1111 1112 1113 1114 1115 1116 1117 1118 1119
1120 1121 1122 1123 1124 1125 1126 1127 1128 1129 1130 1131 1132 1133 1134 1135 1136 1137 1138 1139
1140 1141 1142 1143 1144 1145 1146 1147 1148 1149 1150 1151 1152 1153 1154 1155 1156 1157 1158 1159
1160 1161 1162 1163 1164 1165 1166 1167 1168 1169 1170 1171 1172 1173 1174 1175 1176 1177 1178 1179
1180 1181 1182 1183 1184 1185 1186 1187 1188 1189 1190 1191 1192 1193 1194 1195 1196 1197 1198 1199
1200 1201 1202 1203 1204 1205 1206 1207 1208 1209 1210 1211 1212 1213 1214 1215 1216 1217 1218 1219
1220 1221 1222 1223 1224 1225 1226 1227 1228 1229 1230 1231 1232 1233 1234 1235 1236 1237 1238 1239
1240 1241 1242 1243 1244 1245 1246 1247 1248 1249 1250 1251 1252 1253 1254 1255 1256 1257 1258 1259 1260 1081 -901.
1261 1262 1263 1264 1265 1266 1267 1268 1269 1270 1271 1272 1273 1274 1275 1276 1277 1278 1279  
1280 1281 1282 1283 1284 1285 1286 1287 1288 1289 1290 1291 1292 1293 1294 1295 1296 1297 1298 1299  
1300 1301 1302 1303 1304 1305 1306 1307 1308 1309 1310 1311 1312 1313 1314 1315 1316 1317 1318 1319  
1320 1321 1322 1323 1324 1325 1326 1327 1328 1329 1330 1331 1332 1333 1334 1335 1336 1337 1338 1339
1340 1341 1342 1343 1344 1345 1346 1347 1348 1349 1350 1351 1352 1353 1354 1355 1356 1357 1358 1359
1360 1361 1362 1363 1364 1365 1366 1367 1368 1369 1370 1371 1372 1373 1374 1375 1376 1377 1378 1379
1380 1381 1382 1383 1384 1385 1386 1387 1388 1389 1390 1391 1392 1393 1394 1395 1396 1397 1398 1399
1400 1401 1402 1403 1404 1405 1406 1407 1408 1409 1410 1411 1412 1413 1414 1415 1416 1417 1418 1419
1420 1421 1422 1423 1424 1425 1426 1427 1428 1429 1430 1431 1432 1433 1434 1435 1436 1437 1438 1439 1440
-1620 1619 1618 1617 1616 1615 1614 1613 1612 1611 1610 1609 1608 1607 1606 1605 1604 1603 1602 1601 1600
1599 1598 1597 1596 1595 1594 1593 1592 1591 1590 1589 1588 1587 1586 1585 1584 1583 1582 1581 1580
1579 1578 1577 1576 1575 1574 1573 1572 1571 1570 1569 1568 1567 1566 1565 1564 1563 1562 1561 1560
1559 1558 1557 1556 1555 1554 1553 1552 1551 1550 1549 1548 1547 1546 1545 1544 1543 1542 1541 1540
1539 1538 1537 1536 1535 1534 1533 1532 1531 1530 1529 1528 1527 1526 1525 1524 1523 1522 1521 1520
1519 1518 1517 1516 1515 1514 1513 1512 1511 1510 1509 1508 1507 1506 1505 1504 1503 1502 1501 1500
1499 1498 1497 1496 1495 1494 1493 1492 1491 1490 1489 1488 1487 1486 1485 1484 1483 1482 1481 1480
1479 1478 1477 1476 1475 1474 1473 1472 1471 1470 1469 1468 1467 1466 1465 1464 1463 1462 1461 1460
1459 1458 1457 1456 1455 1454 1453 1452 1451 1450 1449 1448 1447 1446 1445 1444 1443 1442 1441 1620 -1440.
902 901 1261 1262.
903 902 1262 1263.
904 903 1263 1264. 
905 904 1264 1265.
906 905 1265 1266.
907 906 1266 1267.
908 907 1267 1268.
909 908 1268 1269.
910 909 1269 1270.
911 910 1270 1271.
912 911 1271 1272.
913 912 1272 1273.
914 913 1273 1274.
915 914 1274 1275.
916 915 1275 1276.
917 916 1276 1277.
918 917 1277 1278.
919 918 1278 1279.
920 919 1279 1280.
921 920 1280 1281.
922 921 1281 1282.
923 922 1282 1283.
924 923 1283 1284.
925 924 1284 1285.
926 925 1285 1286.
927 926 1286 1287.
928 927 1287 1288.
929 928 1288 1289.
930 929 1289 1290.
931 930 1290 1291.
932 931 1291 1292.
933 932 1292 1293.
934 933 1293 1294.
935 934 1294 1295.
936 935 1295 1296.
937 936 1296 1297.
938 937 1297 1298.
939 938 1298 1299.
940 939 1299 1300.
941 940 1300 1301.
942 941 1301 1302.
943 942 1302 1303.
944 943 1303 1304.
945 944 1304 1305.
946 945 1305 1306.
947 946 1306 1307.
948 947 1307 1308.
949 948 1308 1309.
950 949 1309 1310.
951 950 1310 1311.
952 951 1311 1312.
953 952 1312 1313.
954 953 1313 1314.
955 954 1314 1315.
956 955 1315 1316.
957 956 1316 1317.
958 957 1317 1318.
959 958 1318 1319.
960 959 1319 1320.
961 960 1320 1321.
962 961 1321 1322.
963 962 1322 1323.
964 963 1323 1324.
965 964 1324 1325.
966 965 1325 1326.
967 966 1326 1327.
968 967 1327 1328.
969 968 1328 1329.
970 969 1329 1330.
971 970 1330 1331.
972 971 1331 1332.
973 972 1332 1333.
974 973 1333 1334.
975 974 1334 1335.
976 975 1335 1336.
977 976 1336 1337.
978 977 1337 1338.
979 978 1338 1339.
980 979 1339 1340.
981 980 1340 1341.
982 981 1341 1342.
983 982 1342 1343.
984 983 1343 1344.
985 984 1344 1345.
986 985 1345 1346.
987 986 1346 1347.
988 987 1347 1348.
989 988 1348 1349.
990 989 1349 1350.
991 990 1350 1351.
992 991 1351 1352.
993 992 1352 1353.
994 993 1353 1354.
995 994 1354 1355.
996 995 1355 1356.
997 996 1356 1357.
998 997 1357 1358.
999 998 1358 1359.
1000 999 1359 1360.
1001 1000 1360 1361.
1002 1001 1361 1362.
1003 1002 1362 1363.
1004 1003 1363 1364.
1005 1004 1364 1365.
1006 1005 1365 1366.
1007 1006 1366 1367.
1008 1007 1367 1368.
1009 1008 1368 1369.
1000 999 1359 1360.
1001 1000 1360 1361.
1002 1001 1361 1362.
1003 1002 1362 1363.
1004 1003 1363 1364.
1005 1004 1364 1365.
1006 1005 1365 1366.
1007 1006 1366 1367.
1008 1007 1367 1368.
1009 1008 1368 1369.
1010 1009 1369 1370.
1011 1010 1370 1371.
1012 1011 1371 1372.
1013 1012 1372 1373.
1014 1013 1373 1374.
1015 1014 1374 1375.
1016 1015 1375 1376.
1017 1016 1376 1377.
1018 1017 1377 1378.
1019 1018 1378 1379.
1020 1019 1379 1380.
1021 1020 1380 1381.
1022 1021 1381 1382.
1023 1022 1382 1383.
1024 1023 1383 1384.
1025 1024 1384 1385.
1026 1025 1385 1386.
1027 1026 1386 1387.
1028 1027 1387 1388.
1029 1028 1388 1389.
1030 1029 1389 1390.
1031 1030 1390 1391.
1032 1031 1391 1392.
1033 1032 1392 1393.
1034 1033 1393 1394.
1035 1034 1394 1395.
1036 1035 1395 1396.
1037 1036 1396 1397.
1038 1037 1397 1398.
1039 1038 1398 1399.
1040 1039 1399 1400.
1041 1040 1400 1401.
1042 1041 1401 1402.
1043 1042 1402 1403.
1044 1043 1403 1404.
1045 1044 1404 1405.
1046 1045 1405 1406.
1047 1046 1406 1407.
1048 1047 1407 1408.
1049 1048 1408 1409.
1050 1049 1409 1410.
1051 1050 1410 1411.
1052 1051 1411 1412.
1053 1052 1412 1413.
1054 1053 1413 1414.
1055 1054 1414 1415.
1056 1055 1415 1416.
1057 1056 1416 1417.
1058 1057 1417 1418.
1059 1058 1418 1419.
1060 1059 1419 1420.
1061 1060 1420 1421.
1062 1061 1421 1422.
1063 1062 1422 1423.
1064 1063 1423 1424.
1065 1064 1424 1425.
1066 1065 1425 1426.
1067 1066 1426 1427.
1068 1067 1427 1428.
1069 1068 1428 1429.
1070 1069 1429 1430.
1071 1070 1430 1431.
1072 1071 1431 1432.
1073 1072 1432 1433.
1074 1073 1433 1434.
1075 1074 1434 1435.
1076 1075 1435 1436.
1077 1076 1436 1437.
1078 1077 1437 1438.
1079 1078 1438 1439.
1080 1079 1439 1440.
901 1080 1440 1261.
// 

1261 1262 1263 1264 1265 1266 1267 1268 1269 1270 1271 1272 1273 1274 1275 1276 1277 1278 1279  
1280 1281 1282 1283 1284 1285 1286 1287 1288 1289 1290 1291 1292 1293 1294 1295 1296 1297 1298 1299  
1300 1301 1302 1303 1304 1305 1306 1307 1308 1309 1310 1311 1312 1313 1314 1315 1316 1317 1318 1319  
1320 1321 1322 1323 1324 1325 1326 1327 1328 1329 1330 1331 1332 1333 1334 1335 1336 1337 1338 1339
1340 1341 1342 1343 1344 1345 1346 1347 1348 1349 1350 1351 1352 1353 1354 1355 1356 1357 1358 1359
1360 1361 1362 1363 1364 1365 1366 1367 1368 1369 1370 1371 1372 1373 1374 1375 1376 1377 1378 1379
1380 1381 1382 1383 1384 1385 1386 1387 1388 1389 1390 1391 1392 1393 1394 1395 1396 1397 1398 1399
1400 1401 1402 1403 1404 1405 1406 1407 1408 1409 1410 1411 1412 1413 1414 1415 1416 1417 1418 1419
1420 1421 1422 1423 1424 1425 1426 1427 1428 1429 1430 1431 1432 1433 1434 1435 1436 1437 1438 1439 1440
-1620 1619 1618 1617 1616 1615 1614 1613 1612 1611 1610 1609 1608 1607 1606 1605 1604 1603 1602 1601 1600
1599 1598 1597 1596 1595 1594 1593 1592 1591 1590 1589 1588 1587 1586 1585 1584 1583 1582 1581 1580
1579 1578 1577 1576 1575 1574 1573 1572 1571 1570 1569 1568 1567 1566 1565 1564 1563 1562 1561 1560
1559 1558 1557 1556 1555 1554 1553 1552 1551 1550 1549 1548 1547 1546 1545 1544 1543 1542 1541 1540
1539 1538 1537 1536 1535 1534 1533 1532 1531 1530 1529 1528 1527 1526 1525 1524 1523 1522 1521 1520
1519 1518 1517 1516 1515 1514 1513 1512 1511 1510 1509 1508 1507 1506 1505 1504 1503 1502 1501 1500
1499 1498 1497 1496 1495 1494 1493 1492 1491 1490 1489 1488 1487 1486 1485 1484 1483 1482 1481 1480
1479 1478 1477 1476 1475 1474 1473 1472 1471 1470 1469 1468 1467 1466 1465 1464 1463 1462 1461 1460
1459 1458 1457 1456 1455 1454 1453 1452 1451 1450 1449 1448 1447 1446 1445 1444 1443 1442 1441 1620 -1440.
902 901 1261 1262.
903 902 1262 1263.
904 903 1263 1264. 
905 904 1264 1265.
906 905 1265 1266.
907 906 1266 1267.
908 907 1267 1268.
909 908 1268 1269.
910 909 1269 1270.
911 910 1270 1271.
912 911 1271 1272.
913 912 1272 1273.
914 913 1273 1274.
915 914 1274 1275.
916 915 1275 1276.
917 916 1276 1277.
918 917 1277 1278.
919 918 1278 1279.
920 919 1279 1280.
921 920 1280 1281.
922 921 1281 1282.
923 922 1282 1283.
924 923 1283 1284.
925 924 1284 1285.
926 925 1285 1286.
927 926 1286 1287.
928 927 1287 1288.
929 928 1288 1289.
930 929 1289 1290.
931 930 1290 1291.
932 931 1291 1292.
933 932 1292 1293.
934 933 1293 1294.
935 934 1294 1295.
936 935 1295 1296.
937 936 1296 1297.
938 937 1297 1298.
939 938 1298 1299.
940 939 1299 1300.
941 940 1300 1301.
942 941 1301 1302.
943 942 1302 1303.
944 943 1303 1304.
945 944 1304 1305.
946 945 1305 1306.
947 946 1306 1307.
948 947 1307 1308.
949 948 1308 1309.
950 949 1309 1310.
951 950 1310 1311.
952 951 1311 1312.
953 952 1312 1313.
954 953 1313 1314.
955 954 1314 1315.
956 955 1315 1316.
957 956 1316 1317.
958 957 1317 1318.
959 958 1318 1319.
960 959 1319 1320.
961 960 1320 1321.
962 961 1321 1322.
963 962 1322 1323.
964 963 1323 1324.
965 964 1324 1325.
966 965 1325 1326.
967 966 1326 1327.
968 967 1327 1328.
969 968 1328 1329.
970 969 1329 1330.
971 970 1330 1331.
972 971 1331 1332.
973 972 1332 1333.
974 973 1333 1334.
975 974 1334 1335.
976 975 1335 1336.
977 976 1336 1337.
978 977 1337 1338.
979 978 1338 1339.
980 979 1339 1340.
981 980 1340 1341.
982 981 1341 1342.
983 982 1342 1343.
984 983 1343 1344.
985 984 1344 1345.
986 985 1345 1346.
987 986 1346 1347.
988 987 1347 1348.
989 988 1348 1349.
990 989 1349 1350.
991 990 1350 1351.
992 991 1351 1352.
993 992 1352 1353.
994 993 1353 1354.
995 994 1354 1355.
996 995 1355 1356.
997 996 1356 1357.
998 997 1357 1358.
999 998 1358 1359.
1000 999 1359 1360.
1001 1000 1360 1361.
1002 1001 1361 1362.
1003 1002 1362 1363.
1004 1003 1363 1364.
1005 1004 1364 1365.
1006 1005 1365 1366.
1007 1006 1366 1367.
1008 1007 1367 1368.
1009 1008 1368 1369.
1000 999 1359 1360.
1001 1000 1360 1361.
1002 1001 1361 1362.
1003 1002 1362 1363.
1004 1003 1363 1364.
1005 1004 1364 1365.
1006 1005 1365 1366.
1007 1006 1366 1367.
1008 1007 1367 1368.
1009 1008 1368 1369.
1010 1009 1369 1370.
1011 1010 1370 1371.
1012 1011 1371 1372.
1013 1012 1372 1373.
1014 1013 1373 1374.
1015 1014 1374 1375.
1016 1015 1375 1376.
1017 1016 1376 1377.
1018 1017 1377 1378.
1019 1018 1378 1379.
1020 1019 1379 1380.
1021 1020 1380 1381.
1022 1021 1381 1382.
1023 1022 1382 1383.
1024 1023 1383 1384.
1025 1024 1384 1385.
1026 1025 1385 1386.
1027 1026 1386 1387.
1028 1027 1387 1388.
1029 1028 1388 1389.
1030 1029 1389 1390.
1031 1030 1390 1391.
1032 1031 1391 1392.
1033 1032 1392 1393.
1034 1033 1393 1394.
1035 1034 1394 1395.
1036 1035 1395 1396.
1037 1036 1396 1397.
1038 1037 1397 1398.
1039 1038 1398 1399.
1040 1039 1399 1400.
1041 1040 1400 1401.
1042 1041 1401 1402.
1043 1042 1402 1403.
1044 1043 1403 1404.
1045 1044 1404 1405.
1046 1045 1405 1406.
1047 1046 1406 1407.
1048 1047 1407 1408.
1049 1048 1408 1409.
1050 1049 1409 1410.
1051 1050 1410 1411.
1052 1051 1411 1412.
1053 1052 1412 1413.
1054 1053 1413 1414.
1055 1054 1414 1415.
1056 1055 1415 1416.
1057 1056 1416 1417.
1058 1057 1417 1418.
1059 1058 1418 1419.
1060 1059 1419 1420.
1061 1060 1420 1421.
1062 1061 1421 1422.
1063 1062 1422 1423.
1064 1063 1423 1424.
1065 1064 1424 1425.
1066 1065 1425 1426.
1067 1066 1426 1427.
1068 1067 1427 1428.
1069 1068 1428 1429.
1070 1069 1429 1430.
1071 1070 1430 1431.
1072 1071 1431 1432.
1073 1072 1432 1433.
1074 1073 1433 1434.
1075 1074 1434 1435.
1076 1075 1435 1436.
1077 1076 1436 1437.
1078 1077 1437 1438.
1079 1078 1438 1439.
1080 1079 1439 1440.
901 1080 1440 1261.
//
216 215 214 213 212 211 210 209 208 207 206 205 204 203 202 201 200
199 198 197 196 195 194 193 192 191 190 189 188 187 186 185 184 183 182 181 180
179 178 177 176 175 174 173 172 171 170 169 168 167 166 165 164 163 162 161 160
159 158 157 156 155 154 153 152 151 150 149 148 147 146 145 144 143 142 141 140
139 138 137 136 135 134 133 132 131 130 129 128 127 126 125 124 123 122 121 120
119 118 117 116 115 114 113 112 111 110 109 108 107 106 105 104 103 102 101 100
99 98 97 96 95 94 93 92 91 90 89 88 87 86 85 84 83 82 81 80
79 78 77 76 75 74 73 72 71 70 69 68 67 66 65 64 63 62 61 60
59 58 57 56 55 54 53 52 51 50 49 48 47 46 45 44 43 42 41 40
39 38 37 36 35 34 33 32 31 30 29 28 27 26 25 24 23 22 21 20
19 18 17 16 15 14 13 12 11 10 9 8 7 6 5 4 3 2 1 -217 218 219 220
221 222 223 224 225 226 227 228 229 230 231 232 233 235 236 237 238 239 240
241 242 243 244 245 246 247 248 249 250 251 252 253 255 256 257 258 259 260
261 262 263 264 265 266 267 268 269 270 271 272 273 275 276 277 278 279 280
281 282 283 284 285 286 287 288 289 290 291 292 293 295 296 297 298 299 300
301 302 303 304 305 306 307 308 309 310 311 312 313 315 316 317 318 319 320
321 322 323 324 325 326 327 328 329 330 331 332 333 335 336 337 338 339 340
341 342 343 344 345 346 347 348 349 350 351 352 353 355 356 357 358 359 360
361 362 363 364 365 366 367 368 369 370 371 372 373 375 376 377 378 379 380
381 382 383 384 385 386 387 388 389 390 391 392 393 395 396 397 398 399 400
401 402 403 404 405 406 407 408 409 410 411 412 413 415 416 417 418 419 420
421 422 423 424 425 426 427 428 429 430 431 432 217 -1.
433 434 435 436 437 438 439 440 441 442 443 444 445 446 447 448 449 450 
451 452 453 454 455 456 457 458 459 460 461 462 463 464 465 466 467 468 469 470
471 472 473 474 475 476 477 478 479 480 481 482 483 484 485 486 487 488 489 490
491 492 493 494 495 496 497 498 499 500 501 502 503 504 505 506 507 508 509 510
511 512 513 514 515 516 517 518 519 520 521 522 523 524 525 526 527 528 529 530
531 532 533 534 535 536 537 538 539 540 541 542 543 544 545 546 547 548 549 550
551 552 553 554 555 556 557 558 559 560 561 562 563 564 565 566 567 568 569 570
571 572 573 574 575 576 577 578 579 580 581 582 583 584 585 586 587 588 589 590
591 592 593 594 595 596 597 598 599 600 601 602 603 604 605 606 607 608 609 610
611 612 613 614 615 616 617 618 619 620 621 622 623 624 625 626 627 628 629 630
631 632 633 634 635 636 637 638 639 640 641 642 643 644 645 646 647 648 -864 863 862 861 860
859 858 857 856 855 854 853 852 851 850 849 848 847 846 845 844 843 842 841 840  
839 838 837 836 835 834 833 832 831 830 829 828 827 826 825 824 823 822 821 820  
819 818 817 816 815 814 813 812 811 810 809 808 807 806 805 804 803 802 801 800  
799 798 797 796 795 794 793 792 791 790 789 788 787 786 785 784 783 782 781 780  
779 778 777 776 775 774 773 772 771 770 769 768 767 766 765 764 763 762 761 760  
759 758 757 756 755 754 753 752 751 750 749 748 747 746 745 744 743 742 741 740  
739 738 737 736 735 734 733 732 731 730 729 728 727 726 725 724 723 722 721 720  
719 718 717 716 715 714 713 712 711 710 709 708 707 706 705 704 703 702 701 700  
699 698 697 696 695 694 693 692 691 690 689 688 687 686 685 684 683 682 681 680  
679 678 677 676 675 674 673 672 671 670 669 668 667 666 665 664 663 662 661 660  
659 658 657 656 655 654 653 652 651 650 649 864 -648. 
2 1 433 434.  
3 2 434 435. 
4 3 435 436. 
5 4 436 437. 
6 5 437 438. 
7 6 438 439. 
8 7 439 440. 
9 8 440 441. 
10 9 441 442. 
11 10 442 443. 
12 11 443 444. 
13 12 444 445. 
14 13 445 446. 
15 14 446 447.
16 15 447 448.
17 16 448 449. 
18 17 449 450.
19 18 450 451. 
20 19 451 452.
21 20 452 453.
22 21 453 454.
23 22 454 455.
24 23 455 456.
25 24 456 457.
26 25 457 458.
27 26 458 459.
28 27 459 460.
29 28 460 461.
30 29 461 462.
31 30 462 463.
32 31 463 464.
33 32 464 465.
34 33 465 466.
35 34 466 467.
36 35 467 468.
37 36 468 469.
38 37 469 470.
39 38 470 471.
40 39 471 472.
41 40 472 473.
42 41 473 474.
43 42 474 475.
44 43 475 476.
45 44 476 477.
46 45 477 478.
47 46 478 479.
48 47 479 480.
49 48 480 481.
50 49 481 482.
51 50 482 483.
52 51 483 484.
53 52 484 485.
54 53 485 486.
55 54 486 487.
56 55 487 488.
57 56 488 489.
58 57 489 490.
59 58 490 491.
60 59 491 492.
61 60 492 493.
62 61 493 494.
63 62 494 495.
64 63 495 496.
65 64 496 497.
66 65 497 498.
67 66 498 499.
68 67 499 500.
69 68 500 501.
70 69 501 502.
71 70 502 503.
72 71 503 504.
73 72 504 505.
74 73 505 506.
75 74 506 507.
76 75 507 508.
77 76 508 509.
78 77 509 510.
79 78 510 511.
80 79 511 512.
81 80 512 513.
82 81 513 514.
83 82 514 515.
84 83 515 516.
85 84 516 517.
86 85 517 518.
87 86 518 519.
88 87 519 520.
89 88 520 521.
90 89 521 522.
91 90 522 523.
92 91 523 524.
93 92 524 525.
94 93 525 526.
95 94 526 527.
96 95 527 528.
97 96 528 529.
98 97 529 530.
99 98 530 531.
100 99 531 532.
101 100 532 533.
102 101 533 534.
103 102 534 535.
104 103 535 536.
105 104 536 537.
106 105 537 538.
107 106 538 539.
108 107 539 540.
109 108 540 541.
110 109 541 542.
111 110 542 543.
112 111 543 544.
113 112 544 545.
114 113 545 546.
115 114 546 547.
116 115 547 548.
117 116 548 549.
118 117 549 550.
119 118 550 551.
120 119 551 552.
121 120 552 553.
122 121 553 554.
123 122 554 555.
124 123 555 556.
125 124 556 557.
126 125 557 558.
127 126 558 559.
128 127 559 560.
129 128 560 561.
130 129 561 562.
131 130 562 563.
132 131 563 564.
133 132 564 565.
134 133 565 566.
135 134 566 567.
136 135 567 568.
137 136 568 569.
138 137 569 570.
139 138 570 571. 
140 139 571 572.
141 140 572 573.
142 141 573 574.
143 142 574 575.
144 143 575 576.
145 144 576 577.
146 145 577 578.
147 146 578 579.
148 147 579 580.
149 148 580 581.
150 149 581 582.
151 150 582 583.
152 151 583 584.
153 152 584 585.
154 153 585 586.
155 154 586 587.
156 155 587 588.
157 156 588 589.
158 157 589 590.
159 158 590 591.
160 159 591 592.
161 160 592 593.
162 161 593 594.
163 162 594 595.
164 163 595 596.
165 164 596 597.
166 165 597 598.
167 166 598 599.
168 167 599 600.
169 168 600 601.
170 169 601 602.
171 170 602 603.
172 171 603 604.
173 172 604 605.
174 173 605 606.
175 174 606 607.
176 175 607 608.
177 176 608 609.
178 177 609 610.
179 178 610 611.
180 179 611 612.
181 180 612 613.
182 181 613 614.
183 182 614 615.
184 183 615 616.
185 184 616 617.
186 185 617 618.
187 186 618 619.
188 187 619 620.
189 188 620 621.
190 189 621 622.
191 190 622 623.
192 191 623 624.
193 192 624 625.
194 193 625 626.
195 194 626 627.
196 195 627 628.
197 196 628 629.
198 197 629 630.
199 198 630 631.
200 199 631 632.
201 200 632 633.
202 201 633 634.
203 202 634 635.
204 203 635 636.
205 204 636 637.
206 205 637 638.
207 206 638 639.
208 207 639 640.
209 208 640 641.
210 209 641 642.
211 210 642 643.
212 211 643 644.
213 212 644 645.
214 213 645 646.
215 214 646 647.
216 215 647 648.
1 216 648 433.