1 -0.46071314 2.29011777 0
2 -0.40867764 2.35818039 0
3 -0.29447573 2.8598792  0
4 -0.13700799 2.87173359 0
5 0.05101827  2.39278693 0
6 0.11265723  2.33328188 0
7 0.23477912  2.32417185 0
8 0.30456463  2.3738729  0
9 0.56157119  2.81962104 0
10 0.71553723 2.78453434 0
11 0.754038   2.27144422 0
12 0.7953991  2.19641441 0
13 -0.46071314 2.29011777 2
14 -0.40867764 2.35818039 2
15 -0.29447573 2.8598792  2
16 -0.13700799 2.87173359 2
17 0.05101827  2.39278693 2
18 0.11265723  2.33328188 2
19 0.23477912  2.32417185 2
20 0.30456463  2.3738729  2
21 0.56157119  2.81962104 2
22 0.71553723 2.78453434 2
23 0.754038   2.27144422 2
24 0.7953991  2.19641441 2
25 0.90941022 2.15171305 0
26 0.990745  2.17863638 0
27 1.36772005 2.52882717 0
28 1.50450382 2.44991699 0
29 1.39005814 1.94827373 0
30 1.40746626 1.86438589 0
31 1.50323623 1.78806511 0
32 1.58889333 1.78981847 0
33 2.05234098 2.01333591 0
34 2.15978865 1.89761377 0
35 1.90256552 1.45199056 0
36 1.89447387 1.36669849 0
37 0.90941022 2.15171305 2
38 0.990745  2.17863638 2
39 1.36772005 2.52882717 2
40 1.50450382 2.44991699 2
41 1.39005814 1.94827373 2
42 1.40746626 1.86438589 2
43 1.50323623 1.78806511 2
44 1.58889333 1.78981847 2
45 2.05234098 2.01333591 2
46 2.15978865 1.89761377 2
47 1.90256552 1.45199056 2
48 1.89447387 1.36669849 2
49 1.96349311 1.26553974 0
50 2.04586151 1.24196733 0
51 2.55460241 1.31895092 0
52 2.62316677 1.17669923 0
53 2.2460216  0.82669166 0
54 2.21314916 0.74757393 0
55 2.249285 0.6305656 0
56 2.32104592 0.58376194 0
57 2.8298762 0.50737135 0
58 2.85346502 0.35122981 0
59 2.38990881 0.12793758 0
60 2.33517644 0.06202415 0
61 2.33521805 -0.06043705 0
62 2.38999521 -0.12631326 0
63 2.85370307 -0.34929038 0
64 2.83022038 -0.50544793 0
65 2.32144213 -0.58218431 0
66 2.24971304 -0.62903674 0
67 2.21365674 -0.74606961 0
68 2.24658294 -0.82516497 0
69 2.6239659 -1.17491614 0
70 2.55549824 -1.31721439 0
71 2.04670513 -1.24057658 0
72 1.96435277 -1.26420497 0
73 1.8954023 -1.3654106 0
74 1.90355192 -1.45069716 0
75 2.16107785 -1.89614544 0 
76 2.05370886 -2.01194058 0
77 1.5901094 -1.78873817 0
78 1.50445113 -1.78704303 0
79 1.40873305 -1.86342888 0
80 1.39138196 -1.94732853 0
81 1.50616854 -2.4488939 0
82 1.36943844 -2.52789702 0
83 0.99222547 -2.17796253 0
84 0.91087241 -2.15109448 0
85 0.79689169 -2.19587332 0
86 0.7555816 -2.27093122 0
87 0.71742956 -2.78404738 0
88 0.56348741 -2.81923872 0
89 0.30617795 -2.37366535 0
90 0.23635868 -2.32401174 0
91 0.11424301 -2.33320478 0
92 0.0526445 -2.3927517 0
93 -0.1350562 -2.87182604 0
94 -0.29253196 -2.86007868 0
95 -0.40707482 -2.3584576 0
96 -0.45915656 -2.29043036 0
97 -0.57855667 -2.26322075 0
98 -0.65497029 -2.3019657 0
99 -0.97554162 -2.70443036 0
100 -1.12255857 -2.6467881 0
101 -1.08415721 -2.13369053 0
102 -1.11387373 -2.0533342 0
103 -1.21994905 -1.99213963 0
104 -1.3043881 -2.00663994 0
105 -1.72934588 -2.29673416 0
106 -1.85284093 -2.19831878 0
107 -1.66490747 -1.7193357 0
108 -1.66961832 -1.63379027 0
109 -1.7529436 -1.54404817 0
110 -1.8379053 -1.53301541 0
111 -2.32949018 -1.68496306 0
112 -2.41849025 -1.5545192 0
113 -2.0977234 -1.15221035 0
114 -2.07701 -1.06907692 0
115 -2.13018142 -0.95876124 0
116 -2.20811655 -0.92317574 0
117 -2.72264904 -0.9234756 0
118 -2.76924609 -0.77259375 0
119 -2.3441474 -0.48270605 0
120 -2.29985023 -0.40937138 0
121 -2.31814327 -0.28828417 0
122 -2.38212695 -0.23130786 0
123 -2.8738886 -0.07993327 0
124 -2.87394226 0.07798003 0
125 -2.38228361 0.2296888 0
126 -2.31833867 0.28670859 0
127 -2.30012792 0.40780821 0
128 -2.34447492 0.48111275 0
129 -2.76977054 0.77071147 0
130 -2.72327605 0.92162495 0
131 -2.20874347 0.92167479 0
132 -2.13083255 0.95731325 0
133 -2.07773611 1.06766504 0
134 -2.09850601 1.15078438 0
135 -2.41954621 1.55287512 0
136 -2.33063481 1.68337945 0
137 -1.83894678 1.53176594 0
138 -1.7539926 1.54285643 0
139 -1.67072833 1.63265515 0
140 -1.66607563 1.71820376 0
141 -1.85433458 2.197059 0
142 -1.73090645 2.29555829 0
143 -1.3057516 2.00575295 0
144 -1.22130271 1.99131004 0
145 -1.11526901 2.05257668 0
146 -1.08560711 2.1329532 0
147 -1.12435719 2.64602455 0
148 -0.97737944 2.70376671 0
149 -0.65653466 2.30152002 0
150 -0.58009472 2.26282702 0
151 1.96349311 1.26553974 2
152 2.04586151 1.24196733 2
153 2.55460241 1.31895092 2
154 2.62316677 1.17669923 2
155 2.2460216  0.82669166 2
156 2.21314916 0.74757393 2
157 2.249285 0.6305656 2
158 2.32104592 0.58376194 2
159 2.8298762 0.50737135 2
160 2.85346502 0.35122981 2
161 2.38990881 0.12793758 2
162 2.33517644 0.06202415 2
163 2.33521805 -0.06043705 2
164 2.38999521 -0.12631326 2
165 2.85370307 -0.34929038 2
166 2.83022038 -0.50544793 2
167 2.32144213 -0.58218431 2
168 2.24971304 -0.62903674 2
169 2.21365674 -0.74606961 2
170 2.24658294 -0.82516497 2
171 2.6239659 -1.17491614 2
172 2.55549824 -1.31721439 2
173 2.04670513 -1.24057658 2
174 1.96435277 -1.26420497 2
175 1.8954023 -1.3654106 2
176 1.90355192 -1.45069716 2
177 2.16107785 -1.89614544 2 
178 2.05370886 -2.01194058 2
179 1.5901094 -1.78873817 2
180 1.50445113 -1.78704303 2
181 1.40873305 -1.86342888 2
182 1.39138196 -1.94732853 2
183 1.50616854 -2.4488939 2
184 1.36943844 -2.52789702 2
185 0.99222547 -2.17796253 2
186 0.91087241 -2.15109448 2
187 0.79689169 -2.19587332 2
188 0.7555816 -2.27093122 2
189 0.71742956 -2.78404738 2
190 0.56348741 -2.81923872 2
191 0.30617795 -2.37366535 2
192 0.23635868 -2.32401174 2
193 0.11424301 -2.33320478 2
194 0.0526445 -2.3927517 2
195 -0.1350562 -2.87182604 2
196 -0.29253196 -2.86007868 2
197 -0.40707482 -2.3584576 2
198 -0.45915656 -2.29043036 2
199 -0.57855667 -2.26322075 2
200 -0.65497029 -2.3019657 2
201 -0.97554162 -2.70443036 2
202 -1.12255857 -2.6467881 2
203 -1.08415721 -2.13369053 2
204 -1.11387373 -2.0533342 2
205 -1.21994905 -1.99213963 2
206 -1.3043881 -2.00663994 2
207 -1.72934588 -2.29673416 2
208 -1.85284093 -2.19831878 2
209 -1.66490747 -1.7193357 2
210 -1.66961832 -1.63379027 2
211 -1.7529436 -1.54404817 2
212 -1.8379053 -1.53301541 2
213 -2.32949018 -1.68496306 2
214 -2.41849025 -1.5545192 2
215 -2.0977234 -1.15221035 2
216 -2.07701 -1.06907692 2
217 -2.13018142 -0.95876124 2
218 -2.20811655 -0.92317574 2
219 -2.72264904 -0.9234756 2
220 -2.76924609 -0.77259375 2
221 -2.3441474 -0.48270605 2
222 -2.29985023 -0.40937138 2
223 -2.31814327 -0.28828417 2
224 -2.38212695 -0.23130786 2
225 -2.8738886 -0.07993327 2
226 -2.87394226 0.07798003 2
227 -2.38228361 0.2296888 2
228 -2.31833867 0.28670859 2
229 -2.30012792 0.40780821 2
230 -2.34447492 0.48111275 2
231 -2.76977054 0.77071147 2
232 -2.72327605 0.92162495 2
233 -2.20874347 0.92167479 2
234 -2.13083255 0.95731325 2
235 -2.07773611 1.06766504 2
236 -2.09850601 1.15078438 2
237 -2.41954621 1.55287512 2
238 -2.33063481 1.68337945 2
239 -1.83894678 1.53176594 2
240 -1.7539926 1.54285643 2
241 -1.67072833 1.63265515 2
242 -1.66607563 1.71820376 2
243 -1.85433458 2.197059 2
244 -1.73090645 2.29555829 2
245 -1.3057516 2.00575295 2
246 -1.22130271 1.99131004 2
247 -1.11526901 2.05257668 2
248 -1.08560711 2.1329532 2
249 -1.12435719 2.64602455 2
250 -0.97737944 2.70376671 2
251 -0.65653466 2.30152002 2
252 -0.58009472 2.26282702 2
Faces:
1 2 14 13. 13 14 2 1.
2 3 15 14. 14 15 3 2.
3 4 16 15. 15 16 4 3.
4 5 17 16. 16 17 5 4.
5 6 18 17. 17 18 6 5.
6 7 19 18. 18 19 7 6.
7 8 20 19. 19 20 8 7.
8 9 21 20. 20 21 9 8.
9 10 22 21. 21 22 10 9.
10 11 23 22. 22 23 11 10.
11 12 24 23. 23 24 12 11.
24 12 25 37. 37 25 12 24.
25 26 38 37. 37 38 26 25.
26 27 39 38. 38 39 27 26.
27 28 40 39. 39 40 28 27.
28 29 41 40. 40 41 29 28.
29 30 42 41. 41 42 30 29.
30 31 43 42. 42 43 31 30.
31 32 44 43. 43 44 32 31.
32 33 45 44. 44 45 33 32.
33 34 46 45. 45 46 34 33.
34 35 47 46. 46 47 35 34.
35 36 48 47. 47 48 36 35.
49 50 51 52 53 54.
151 152 153 154 155 156.