800 -5.43416165 168.24226219 0
801 -9.24510387 168.07592616 0
802 -12.29396613 170.24556672 0
803 -21.19277007 188.81437047 0
804 -28.39286618 187.86656209 0
805 -32.18305572 167.62740085 0
806 -34.56656676 164.74265192 0
807 -38.29072826 163.91707974 0
808 -41.67002558 165.52432921 0
809 -53.65807562 182.26577002 0
810 -60.5842009 180.0820774 0
811 -60.80231547 159.492235 0
812 -62.64868423 156.23741954 0
813 -66.17290824 154.77769579 0
814 -69.77996239 155.77371871 0
815 -84.4930077 170.17911637 0
816 -90.93471532 166.82588992 0
817 -87.57412764 146.51097829 0
818 -88.82725313 142.98499222 0
819 -92.04445789 140.93546988 0
820 -95.76967034 141.29000259 0
821 -112.76066249 152.92165639 0
822 -118.52222444 148.5007822 0
823 -111.68504425 129.07805965 0 
824 -112.3068509 125.38803827 0 
825 -115.11928327 122.81099104 0
826 -118.84946533 122.51326125 0
827 -137.60214162 131.01774927 0
828 -142.50849575 125.66355335 0
829 -132.40246731 107.72316948 0
830 -132.37406183 103.98123223 0
831 -134.69626747 100.95496238 0
832 -138.31807946 100.01401645 0 
833 -158.2626493 105.13293412 0 
834 -162.16471852 99.00810102 0
835 -149.09690839 83.09516531 0 
836 -148.41915387 79.41500906 0
837 -150.18057375 76.03146827 0
838 -153.58396873 74.47589637 0
839 -174.11442646 76.05370798 0
840 -176.89364838 69.34433764 0
841 -161.26111537 55.9423566 0
842 -159.95460503 52.43580102 0
843 -161.10171929 48.79779647 0 
844 -164.18328683 46.67486387 0 
845 -184.67582489 44.6636284 0 
846 -186.24775425 37.57358166 0
847 -168.52548495 27.08976769 0
848 -166.62991646 23.86335771 0
849 -167.12787062 20.08142832 0
850 -169.79397884 17.45563925 0
851 -189.62594182 11.91646708 0
852 -189.94281635 4.6611714 0
853 -170.66929295 -2.5859301 0 
854 -168.24226219 -5.43416165 0 
855 -168.07592616 -9.24510387 0
856 -170.24556672 -12.29396613 0
857 -188.81437047 -21.19277007 0
858 -187.86656209 -28.39286618 0
859 -167.62740085 -32.18305572 0
860 -164.74265192 -34.56656676 0
861 -163.91707974 -38.29072826 0
862 -165.52432921 -41.67002558 0
863 -182.26577002 -53.65807562 0 
864 -180.0820774 -60.5842009 0
865 -159.492235 -60.80231547 0 
866 -156.23741954 -62.64868423 0
867 -154.77769579 -66.17290824 0
868 -155.77371871 -69.77996239 0
869 -170.17911637 -84.4930077 0
870 -166.82588992 -90.93471532 0
871 -146.51097829 -87.57412764 0
872 -142.98499222 -88.82725313 0
873 -140.93546988 -92.04445789 0
874 -141.29000259 -95.76967034 0 
875 -152.92165639 -112.76066249 0 
876 -148.5007822 -118.52222444 0
877 -129.07805965 -111.68504425 0 
878 -125.38803827 -112.3068509 0
879 -122.81099104 -115.11928327 0
880 -122.51326125 -118.84946533 0
881 -131.01774927 -137.60214162 0
882 -125.66355335 -142.50849575 0
883 -107.72316948 -132.40246731 0 
884 -103.98123223 -132.37406183 0
885 -100.95496238 -134.69626747 0
886 -100.01401645 -138.31807946 0
887 -105.13293412 -158.2626493 0
888 -99.00810102 -162.16471852 0
889 -83.09516531 -149.09690839 0
890 -79.41500906 -148.41915387 0
891 -76.03146827 -150.18057375 0
892 -74.47589637 -153.58396873 0
893 -76.05370798 -174.11442646 0
894 -69.34433764 -176.89364838 0
895 -55.9423566 -161.26111537 0 
896 -52.43580102 -159.95460503 0
897 -48.79779647 -161.10171929 0
898 -46.67486387 -164.18328683 0
899 -44.6636284 -184.67582489 0
900 -37.57358166 -186.24775425 0
901 -27.08976769 -168.52548495 0
902 -23.86335771 -166.62991646 0
903 -20.08142832 -167.12787062  0
904 -17.45563925 -169.79397884  0
905 -11.91646708 -189.62594182 0
906 -4.6611714 -189.94281635 0
907 2.5859301 -170.66929295 0
908 5.43416165 -168.24226219 0
909 9.24510387 -168.07592616 0
910 12.29396613 -170.24556672 0
911 21.19277007 -188.81437047 0
912 28.39286618 -187.86656209 0
913 32.18305572 -167.62740085 0 
914 34.56656676 -164.74265192 0 
915 38.29072826 -163.91707974 0 
916 41.67002558 -165.52432921 0 
917 53.65807562 -182.26577002 0
918 60.5842009 -180.0820774 0
919 60.80231547 -159.492235 0
920 62.64868423 -156.23741954 0
921 66.17290824 -154.77769579 0
922 69.77996239 -155.77371871 0
923 84.4930077 -170.17911637 0 
924 90.93471533 -166.82588992 0 
925 87.57412764 -146.51097829 0
926 88.82725313 -142.98499222 0
927 92.04445789 -140.93546988 0
928 95.76967035 -141.29000259 0
929 112.76066249 -152.92165639 0
930 118.52222444 -148.5007822 0
931 111.68504425 -129.07805965 0
932 112.3068509 -125.38803827 0
933 115.11928327 -122.81099104 0 
934 118.84946533 -122.51326125 0 
935 137.60214162 -131.01774927 0 
936 142.50849575 -125.66355335 0
937 132.40246731 -107.72316948 0
938 132.37406183 -103.98123223 0
939 134.69626748 -100.95496238 0
940 138.31807946 -100.01401645 0
941 158.2626493 -105.13293412 0
942 162.16471852 -99.00810102 0
943 149.09690839 -83.09516531 0 
944 148.41915387 -79.41500906 0
945 150.18057375 -76.03146827 0  
946 153.58396873 -74.47589637 0
947 174.11442646 -76.05370798 0
948 176.89364838 -69.34433764 0
949 161.26111537 -55.9423566 0
950 159.95460503 -52.43580102 0
951 161.10171929 -48.79779647 0
952 164.18328683 -46.67486387 0 
953 184.67582489 -44.6636284 0 
954 186.24775425 -37.57358166 0 
955 168.52548495 -27.08976769 0
956 166.62991646 -23.86335771 0
957 167.12787062 -20.08142832 0
958 169.79397884 -17.45563925 0
959 189.62594182 -11.91646708 0
960 189.94281635 -4.6611714 0
961 170.66929295 2.5859301 0
962 168.24226219 5.43416165 0
963 168.07592616 9.24510387 0  
964 170.24556672 12.29396613 0  
965 188.81437047 21.19277007 0
966 187.86656209 28.39286618 0
967 167.62740085 32.18305572 0
968 164.74265192 34.56656676 0
969 163.91707974 38.29072826 0
970 165.52432921 41.67002558 0
971 182.26577002 53.65807562 0
972 180.0820774 60.5842009 0
973 159.492235 60.80231547 0 
974 156.23741954 62.64868423 0 
975 154.77769579 66.17290824 0 
976 155.77371871 69.77996239 0
977 170.17911637 84.4930077 0
978 166.82588992 90.93471533 0
979 146.51097829 87.57412764 0
980 142.98499222 88.82725313 0
981 140.93546988 92.04445789 0 
982 141.29000259 95.76967035 0
983 152.92165639 112.76066249 0 
984 148.5007822 118.52222444 0  
985 129.07805965 111.68504425 0 
986 125.38803827 112.3068509 0
987 122.81099104 115.11928327 0
988 122.51326125 118.84946533 0
989 131.01774927 137.60214162 0
990 125.66355335 142.50849575 0
991 107.72316948 132.40246731 0
992 103.98123223 132.37406183 0
993 100.95496238 134.69626748 0
994 100.01401645 138.31807946 0 
995 105.13293412 158.2626493 0
996 99.00810102 162.16471852 0
997 83.09516531 149.09690839 0
998 79.41500906 148.41915387 0
999 76.03146827 150.18057375 0
1000 74.47589637 153.58396873 0
1001 76.05370798 174.11442646 0
1002 69.34433764 176.89364838 0
1003 55.9423566 161.26111537 0
1004 52.43580102 159.95460503 0
1005 48.79779647 161.10171929 0
1006 46.67486387 164.18328683 0
1007 44.6636284 184.67582489 0
1008 37.57358166 186.24775425 0
1009 27.08976769 168.52548495 0
1010 23.86335771 166.62991646 0
1011 20.08142832 167.12787062 0
1012 17.45563925 169.79397884 0
1013 11.91646708 189.62594182 0 
1014 4.6611714 189.94281635 0 
1015 -2.5859301 170.66929295 0
1016 -5.43416165 168.24226219 20
1017 -9.24510387 168.07592616 20
1018 -12.29396613 170.24556672 20
1019 -21.19277007 188.81437047 20
1020 -28.39286618 187.86656209 20
1021 -32.18305572 167.62740085 20
1022 -34.56656676 164.74265192 20
1023 -38.29072826 163.91707974 20
1024 -41.67002558 165.52432921 20
1025 -53.65807562 182.26577002 20
1026 -60.5842009 180.0820774 20
1027 -60.80231547 159.492235 20
1028 -62.64868423 156.23741954 20
1029 -66.17290824 154.77769579 20
1030 -69.77996239 155.77371871 20
1031 -84.4930077 170.17911637 20
1032 -90.93471532 166.82588992 20
1033 -87.57412764 146.51097829 20
1034 -88.82725313 142.98499222 20
1035 -92.04445789 140.93546988 20
1036 -95.76967034 141.29000259 20
1037 -112.76066249 152.92165639 20
1038 -118.52222444 148.5007822 20
1039 -111.68504425 129.07805965 20 
1040 -112.3068509 125.38803827 20 
1041 -115.11928327 122.81099104 20
1042 -118.84946533 122.51326125 20
1043 -137.60214162 131.01774927 20
1044 -142.50849575 125.66355335 20
1045 -132.40246731 107.72316948 20
1046 -132.37406183 103.98123223 20
1047 -134.69626747 100.95496238 20
1048 -138.31807946 100.01401645 20 
1049 -158.2626493 105.13293412 20 
1050 -162.16471852 99.00810102 20
1051 -149.09690839 83.09516531 20 
1052 -148.41915387 79.41500906 20
1053 -150.18057375 76.03146827 20
1054 -153.58396873 74.47589637 20
1055 -174.11442646 76.05370798 20
1056 -176.89364838 69.34433764 20
1057 -161.26111537 55.9423566 20
1058 -159.95460503 52.43580102 20
1059 -161.10171929 48.79779647 20 
1060 -164.18328683 46.67486387 20 
1061 -184.67582489 44.6636284 20 
1062 -186.24775425 37.57358166 20
1063 -168.52548495 27.08976769 20
1064 -166.62991646 23.86335771 20
1065 -167.12787062 20.08142832 20
1066 -169.79397884 17.45563925 20
1067 -189.62594182 11.91646708 20
1068 -189.94281635 4.6611714 20
1069 -170.66929295 -2.5859301 20 
1070 -168.24226219 -5.43416165 20 
1071 -168.07592616 -9.24510387 20
1072 -170.24556672 -12.29396613 20
1073 -188.81437047 -21.19277007 20
1074 -187.86656209 -28.39286618 20
1075 -167.62740085 -32.18305572 20
1076 -164.74265192 -34.56656676 20
1077 -163.91707974 -38.29072826 20
1078 -165.52432921 -41.67002558 20
1079 -182.26577002 -53.65807562 20 
1080 -180.0820774 -60.5842009 20
1081 -159.492235 -60.80231547 20 
1082 -156.23741954 -62.64868423 20
1083 -154.77769579 -66.17290824 20
1084 -155.77371871 -69.77996239 20
1085 -170.17911637 -84.4930077 20
1086 -166.82588992 -90.93471532 20
1087 -146.51097829 -87.57412764 20
1088 -142.98499222 -88.82725313 20
1089 -140.93546988 -92.04445789 20
1090 -141.29000259 -95.76967034 20 
1091 -152.92165639 -112.76066249 20 
1092 -148.5007822 -118.52222444 20
1093 -129.07805965 -111.68504425 20 
1094 -125.38803827 -112.3068509 20
1095 -122.81099104 -115.11928327 20
1096 -122.51326125 -118.84946533 20
1097 -131.01774927 -137.60214162 20
1098 -125.66355335 -142.50849575 20
1099 -107.72316948 -132.40246731 20 
1100 -103.98123223 -132.37406183 20
1101 -100.95496238 -134.69626747 20
1102 -100.01401645 -138.31807946 20
1103 -105.13293412 -158.2626493 20
1104 -99.00810102 -162.16471852 20
1105 -83.09516531 -149.09690839 20
1106 -79.41500906 -148.41915387 20
1107 -76.03146827 -150.18057375 20
1108 -74.47589637 -153.58396873 20
1109 -76.05370798 -174.11442646 20
1110 -69.34433764 -176.89364838 20
1111 -55.9423566 -161.26111537 20 
1112 -52.43580102 -159.95460503 20
1113 -48.79779647 -161.10171929 20
1114 -46.67486387 -164.18328683 20
1115 -44.6636284 -184.67582489 20
1116 -37.57358166 -186.24775425 20
1117 -27.08976769 -168.52548495 20
1118 -23.86335771 -166.62991646 20
1119 -20.08142832 -167.12787062  20
1120 -17.45563925 -169.79397884  20
1121 -11.91646708 -189.62594182 20
1122 -4.6611714 -189.94281635 20
1123 2.5859301 -170.66929295 20
1124 5.43416165 -168.24226219 20
1125 9.24510387 -168.07592616 20
1126 12.29396613 -170.24556672 20
1127 21.19277007 -188.81437047 20
1128 28.39286618 -187.86656209 20
1129 32.18305572 -167.62740085 20 
1130 34.56656676 -164.74265192 20 
1131 38.29072826 -163.91707974 20 
1132 41.67002558 -165.52432921 20 
1133 53.65807562 -182.26577002 20
1134 60.5842009 -180.0820774 20
1135 60.80231547 -159.492235 20
1136 62.64868423 -156.23741954 20
1137 66.17290824 -154.77769579 20
1138 69.77996239 -155.77371871 20
1139 84.4930077 -170.17911637 20 
1140 90.93471533 -166.82588992 20 
1141 87.57412764 -146.51097829 20
1142 88.82725313 -142.98499222 20
1143 92.04445789 -140.93546988 20
1144 95.76967035 -141.29000259 20
1145 112.76066249 -152.92165639 20
1146 118.52222444 -148.5007822 20
1147 111.68504425 -129.07805965 20
1148 112.3068509 -125.38803827 20
1149 115.11928327 -122.81099104 20 
1150 118.84946533 -122.51326125 20 
1151 137.60214162 -131.01774927 20 
1152 142.50849575 -125.66355335 20
1153 132.40246731 -107.72316948 20
1154 132.37406183 -103.98123223 20
1155 134.69626748 -100.95496238 20
1156 138.31807946 -100.01401645 20
1157 158.2626493 -105.13293412 20
1158 162.16471852 -99.00810102 20
1159 149.09690839 -83.09516531 20 
1160 148.41915387 -79.41500906 20
1161 150.18057375 -76.03146827 20  
1162 153.58396873 -74.47589637 20
1163 174.11442646 -76.05370798 20
1164 176.89364838 -69.34433764 20
1165 161.26111537 -55.9423566 20
1166 159.95460503 -52.43580102 20
1167 161.10171929 -48.79779647 20
1168 164.18328683 -46.67486387 20 
1169 184.67582489 -44.6636284 20 
1170 186.24775425 -37.57358166 20 
1171 168.52548495 -27.08976769 20
1172 166.62991646 -23.86335771 20
1173 167.12787062 -20.08142832 20
1174 169.79397884 -17.45563925 20
1175 189.62594182 -11.91646708 20
1176 189.94281635 -4.6611714 20
1177 170.66929295 2.5859301 20
1178 168.24226219 5.43416165 20
1179 168.07592616 9.24510387 20  
1180 170.24556672 12.29396613 20  
1181 188.81437047 21.19277007 20
1182 187.86656209 28.39286618 20
1183 167.62740085 32.18305572 20
1184 164.74265192 34.56656676 20
1185 163.91707974 38.29072826 20
1186 165.52432921 41.67002558 20
1187 182.26577002 53.65807562 20
1188 180.0820774 60.5842009 20
1189 159.492235 60.80231547 20 
1190 156.23741954 62.64868423 20 
1191 154.77769579 66.17290824 20 
1192 155.77371871 69.77996239 20
1193 170.17911637 84.4930077 20
1194 166.82588992 90.93471533 20
1195 146.51097829 87.57412764 20
1196 142.98499222 88.82725313 20
1197 140.93546988 92.04445789 20 
1198 141.29000259 95.76967035 20
1199 152.92165639 112.76066249 20 
1200 148.5007822 118.52222444 20  
1201 129.07805965 111.68504425 20 
1202 125.38803827 112.3068509 20
1203 122.81099104 115.11928327 20
1204 122.51326125 118.84946533 20
1205 131.01774927 137.60214162 20
1206 125.66355335 142.50849575 20
1207 107.72316948 132.40246731 20
1208 103.98123223 132.37406183 20
1209 100.95496238 134.69626748 20
1210 100.01401645 138.31807946 20 
1211 105.13293412 158.2626493 20
1212 99.00810102 162.16471852 20
1213 83.09516531 149.09690839 20
1214 79.41500906 148.41915387 20
1215 76.03146827 150.18057375 20
1216 74.47589637 153.58396873 20
1217 76.05370798 174.11442646 20
1218 69.34433764 176.89364838 20
1219 55.9423566 161.26111537 20
1220 52.43580102 159.95460503 20
1221 48.79779647 161.10171929 20
1222 46.67486387 164.18328683 20
1223 44.6636284 184.67582489 20
1224 37.57358166 186.24775425 20
1225 27.08976769 168.52548495 20
1226 23.86335771 166.62991646 20
1227 20.08142832 167.12787062 20
1228 17.45563925 169.79397884 20
1229 11.91646708 189.62594182 20 
1230 4.6611714 189.94281635 20 
1231 -2.5859301 170.66929295 20 
1232 -2.90545089 89.95308975 0 
1233 -4.93486225 89.86460446 0
1234 -6.47336855 89.76689534 0
1235 -10.02711038 89.43968391 0
1236 -13.43616624 88.99140092 0
1237 -16.95621004 88.38827378 0
1238 -18.46803177 88.08479893 0
1239 -20.45848616 87.64388367 0
1240 -21.95661401 87.28062271 0
1241 -25.54767407 86.29783514 0
1242 -28.81471733 85.26260649 0
1243 -32.04130654 84.1032382 0
1244 -33.4776363 83.54189289 0
1245 -35.4584227 82.72061569 0
1246 -36.86713136 82.10246418 0
1247 -40.0912392  80.57724579 0
1248 -43.05098512 79.03551531 0
1249 -46.21307203 77.2292171 0
1250 -47.47132887 76.46223209 0
1251 -49.19121447 75.36726358 0
1252 -50.47481458 74.51371078 0
1253 -53.38797628 72.45497904 0
1254 -56.14210631 70.34247578 0
1255 -58.86612668 68.07921217 0
1256 -60.0608396 67.02757304 0
1257 -61.52796218 65.68340635 0
1258 -62.64390758 64.61997248 0
1259 -65.19564719 62.04456131 0
1260 -67.47971551 59.55239705 0
1261 -69.80851445 56.80467683 0
1262 -70.84123288 55.51143777 0
1263 -71.99684698 54.00420378 0
1264 -72.93528494 52.7299176 0
1265 -74.94462314 49.83275492 0
1266 -76.79390341 46.9328925 0
1267 -78.6129874 43.81778419 0
1268 -79.36465718 42.44114973 0
1269 -80.29310542 40.65731449 0
1270 -80.98100466 39.26928677 0
1271 -82.47525464 36.02544062 0
1272 -83.79172818 32.84731783 0
1273 -85.02897303 29.49701247 0
1274 -85.52197738 28.03553789 0
1275 -86.13529814 26.09042763 0
1276 -86.56976133 24.61049418 0
1277 -87.47802232 21.15645556 0
1278 -88.22152785 17.80342728 0
1279 -88.85859931 14.28808345 0
1280 -89.09041682 12.76313563 0
1281 -89.3566873 10.74162158 0
1282 -89.52769589 9.20823915 0
1283 -89.8200919 5.68780201 0
1284 -89.97259544 2.22082637 0
1285 -89.98984447 -1.35199547 0
1286 -89.95345315 -2.89417802 0
1287 -89.86477114 -4.931826 0
1288 -89.7670668 -6.47099051 0
1289 -89.43977694 -10.02628054 0
1290 -88.99126368 -13.43707514 0
1291 -88.38781012 -16.95862676 0
1292 -88.08415943 -18.47108168 0
1293 -87.64296699 -20.4624128 0
1294 -87.27945194 -21.96126747 0
1295 -86.33969034 -25.40586295 0
1296 -85.30565501 -28.68702188 0
1297 -84.09983114 -32.05024809 0
1298 -83.5381376 -33.48700594 0
1299 -82.75782107 -35.37150055 0
1300 -82.13788275 -36.78815322 0
1301 -80.61383175 -40.01762276 0
1302 -79.02759428 -43.06552382 0
1303 -77.25606103 -46.16818205 0
1304 -76.45338812 -47.48557092 0
1305 -75.35572742 -49.20888481 0
1306 -74.50136058 -50.49304181 0
1307 -72.4417971 -53.4058614 0
1308 -70.34547465 -56.13834871 0
1309 -68.064361 -58.88329782 0
1310 -67.04510112 -60.0412726 0
1311 -65.66721732 -61.54524002 0
1312 -64.60283148 -62.66158445 0
1313 -62.06609502 -65.17514748 0
1314 -59.52975553 -67.49969042 0
1315 -56.80210172 -69.8106098 0
1316 -55.59912717 -70.77243148 0
1317 -53.98097272 -72.01426653 0
1318 -52.73706535 -72.93011681 0
1319 -49.802045 -74.96503394 0
1320 -46.90239957 -76.81253097 0
1321 -43.81714308 -78.61334474 0
1322 -42.46329372 -79.35281146 0
1323 -40.65404596 -80.2947604 0
1324 -39.27193199 -80.97972189 0
1325 -36.02797639 -82.47414696 0
1326 -32.84768149 -83.79158562 0
1327 -29.49717857 -85.02891542 0
1328 -28.03606101 -85.52180589 0
1329 -26.09042763 -86.13529814 0
1330 -24.61049418 -86.56976133 0
1331 -21.15645556 -87.47802232 0
1332 -17.79801236 -88.22262043 0
1333 -14.28376035 -88.85929434 0
1334 -12.80435644 -89.08450177 0
1335 -10.89424363 -89.33820826 0
1336 -9.20392418 -89.5281396 0
1337 -5.6446423 -89.82281455 0
1338 -2.2079233 -89.97291301 0
1339 1.36349659 -89.98967095 0
1340 2.90545089 -89.95308975 0
1341 4.9430247 -89.86415585 0
1342 6.4823024 -89.76625065 0
1343 10.03868056 -89.43838601 0
1344 13.4492524 -88.98942415 0
1345 16.96932438 -88.38575694 0
1346 18.48150067 -88.08197394 0
1347 20.47267595 -87.64057017 0
1348 21.9715675 -87.2768596 0
1349 25.41698319 -86.33641738 0
1350 28.69777937 -85.30203666 0
1351 32.05954784 -84.09628644 0
1352 33.49599941 -83.53453192 0
1353 35.3802753 -82.75407011 0
1354 36.79323764 -82.13560534 0
1355 40.02300365 -80.61116039 0
1356 43.07433884 -79.02278996 0
1357 46.17565816 -77.25159282 0
1358 47.49273916 -76.44893542 0
1359 49.21286289 -75.3531295 0
1360 50.49696388 -74.49870227 0
1361 53.41294539 -72.43657408 0
1362 56.14210632 -70.34247578 0
1363 58.88874447 -68.05964865 0
1364 60.04643605 -67.04047671 0
1365 61.55014254 -65.66262219 0
1366 62.66636542 -64.59819383 0
1367 65.17996182 -62.06103913 0
1368 67.5040243 -59.52484106 0
1369 69.81252608 -56.7997465 0
1370 70.77565238 -55.59502703 0
1371 72.01725226 -53.97698933 0
1372 72.93168115 -52.73490195 0
1373 74.96651809 -49.7998109 0
1374 76.81486667 -46.89857417 0
1375 78.61508941 -43.81401279 0
1376 79.35438632 -42.46035059 0
1377 80.29615421 -40.65129296 0
1378 80.98100466 -39.26928677 0
1379 82.47525464 -36.02544062 0
1380 83.79172818 -32.84731783 0
1381 85.02897303 -29.49701247 0
1382 85.52197738 -28.03553789 0
1383 86.13529814 -26.09042763 0
1384 86.56976133 -24.61049418 0
1385 87.47802232 -21.15645556 0
1386 88.22262043 -17.79801236 0
1387 88.85929434 -14.28376035 0
1388 89.09102644 -12.75887955 0
1389 89.35726463 -10.73681785 0
1390 89.5281396 -9.20392418 0
1391 89.82281455 -5.6446423 0
1392 89.97291301 -2.2079233 0
1393 89.98967095 1.36349659 0
1394 89.95308975 2.90545089 0
1395 89.86415585 4.9430247 0
1396 89.76625065 6.4823024 0
1397 89.43838601 10.03868056 0
1398 88.98942415 13.4492524 0
1399 88.38575694 16.96932438 0
1400 88.08197394 18.48150067 0
1401 87.64057017 20.47267595 0
1402 87.2768596 21.9715675 0
1403 86.33641738 25.41698319 0
1404 85.30203666 28.69777937 0 
1405 84.09628644 32.05954784 0
1406 83.53453192 33.49599941 0
1407 82.75407011 35.3802753 0
1408 82.13560534 36.79323764 0
1409 80.61116039 40.02300365 0
1410 79.02278996 43.07433884 0
1411 77.25159282 46.17565816 0
1412 76.44893542 47.49273916 0
1413 75.3531295 49.21286289 0
1414 74.49870227 50.49696388 0
1415 72.43657408 53.41294539 0
1416 70.34247578 56.14210632 0
1417 68.05964865 58.88874447 0
1418 67.04047671 60.04643605 0
1419 65.66262219 61.55014254 0
1420 64.59819383 62.66636542 0
1421 62.06103913 65.17996182 0
1422 59.52484106 67.5040243 0
1423 56.7997465 69.81252608 0
1424 55.59502703 70.77565238 0
1425 53.97698933 72.01725226 0
1426 52.73490195 72.93168115 0
1427 49.7998109 74.96651809 0
1428 46.89857417 76.81486667 0
1429 43.81401279 78.61508941 0
1430 42.46035059 79.35438632 0
1431 40.65129296 80.29615421 0
1432 39.26928677 80.98100466 0
1433 36.02544062 82.47525464 0
1434 32.84731783 83.79172818 0
1435 29.49701247 85.02897303 0
1436 28.03553789 85.52197738 0
1437 26.09042763 86.13529814 0
1438 24.61049418 86.56976133 0
1439 21.15645556 87.47802232 0
1440 17.79801236 88.22262043 0
1441 14.28376036 88.85929434 0
1442 12.75887955 89.09102644 0
1443 10.73681785 89.35726463 0
1444 9.20392418 89.5281396 0
1445 5.6446423 89.82281455 0
1446 2.2079233 89.97291301 0
1447 -1.36349659 89.98967095 0
1448 -2.90545089 89.95308975 20 
1449 -4.93486225 89.86460446 20
1450 -6.47336855 89.76689534 20
1451 -10.02711038 89.43968391 20
1452 -13.43616624 88.99140092 20
1453 -16.95621004 88.38827378 20
1454 -18.46803177 88.08479893 20
1455 -20.45848616 87.64388367 20
1456 -21.95661401 87.28062271 20
1457 -25.54767407 86.29783514 20
1458 -28.81471733 85.26260649 20
1459 -32.04130654 84.1032382 20
1460 -33.4776363 83.54189289 20
1461 -35.4584227 82.72061569 20
1462 -36.86713136 82.10246418 20
1463 -40.0912392  80.57724579 20
1464 -43.05098512 79.03551531 20
1465 -46.21307203 77.2292171 20
1466 -47.47132887 76.46223209 20
1467 -49.19121447 75.36726358 20
1468 -50.47481458 74.51371078 20
1469 -53.38797628 72.45497904 20
1470 -56.14210631 70.34247578 20
1471 -58.86612668 68.07921217 20
1472 -60.0608396 67.02757304 20
1473 -61.52796218 65.68340635 20
1474 -62.64390758 64.61997248 20
1475 -65.19564719 62.04456131 20
1476 -67.47971551 59.55239705 20
1477 -69.80851445 56.80467683 20
1478 -70.84123288 55.51143777 20
1479 -71.99684698 54.00420378 20
1480 -72.93528494 52.7299176 20
1481 -74.94462314 49.83275492 20
1482 -76.79390341 46.9328925 20
1483 -78.6129874 43.81778419 20
1484 -79.36465718 42.44114973 20
1485 -80.29310542 40.65731449 20
1486 -80.98100466 39.26928677 20
1487 -82.47525464 36.02544062 20
1488 -83.79172818 32.84731783 20
1489 -85.02897303 29.49701247 20
1490 -85.52197738 28.03553789 20
1491 -86.13529814 26.09042763 20
1492 -86.56976133 24.61049418 20
1493 -87.47802232 21.15645556 20
1494 -88.22152785 17.80342728 20
1495 -88.85859931 14.28808345 20
1496 -89.09041682 12.76313563 20
1497 -89.3566873 10.74162158 20
1498 -89.52769589 9.20823915 20
1499 -89.8200919 5.68780201 20
1500 -89.97259544 2.22082637 20
1501 -89.98984447 -1.35199547 20
1502 -89.95345315 -2.89417802 20
1503 -89.86477114 -4.931826 20
1504 -89.7670668 -6.47099051 20
1505 -89.43977694 -10.02628054 20
1506 -88.99126368 -13.43707514 20
1507 -88.38781012 -16.95862676 20
1508 -88.08415943 -18.47108168 20
1509 -87.64296699 -20.4624128 20
1510 -87.27945194 -21.96126747 20
1511 -86.33969034 -25.40586295 20
1512 -85.30565501 -28.68702188 20
1513 -84.09983114 -32.05024809 20
1514 -83.5381376 -33.48700594 20
1515 -82.75782107 -35.37150055 20
1516 -82.13788275 -36.78815322 20
1517 -80.61383175 -40.01762276 20
1518 -79.02759428 -43.06552382 20
1519 -77.25606103 -46.16818205 20
1520 -76.45338812 -47.48557092 20
1521 -75.35572742 -49.20888481 20
1522 -74.50136058 -50.49304181 20
1523 -72.4417971 -53.4058614 20
1524 -70.34547465 -56.13834871 20
1525 -68.064361 -58.88329782 20
1526 -67.04510112 -60.0412726 20
1527 -65.66721732 -61.54524002 20
1528 -64.60283148 -62.66158445 20
1529 -62.06609502 -65.17514748 20
1530 -59.52975553 -67.49969042 20
1531 -56.80210172 -69.8106098 20
1532 -55.59912717 -70.77243148 20
1533 -53.98097272 -72.01426653 20
1534 -52.73706535 -72.93011681 20
1535 -49.802045 -74.96503394 20
1536 -46.90239957 -76.81253097 20
1537 -43.81714308 -78.61334474 20
1538 -42.46329372 -79.35281146 20
1539 -40.65404596 -80.2947604 20
1540 -39.27193199 -80.97972189 20
1541 -36.02797639 -82.47414696 20
1542 -32.84768149 -83.79158562 20
1543 -29.49717857 -85.02891542 20
1544 -28.03606101 -85.52180589 20
1545 -26.09042763 -86.13529814 20
1546 -24.61049418 -86.56976133 20
1547 -21.15645556 -87.47802232 20
1548 -17.79801236 -88.22262043 20
1549 -14.28376035 -88.85929434 20
1550 -12.80435644 -89.08450177 20
1551 -10.89424363 -89.33820826 20
1552 -9.20392418 -89.5281396 20
1553 -5.6446423 -89.82281455 20
1554 -2.2079233 -89.97291301 20
1555 1.36349659 -89.98967095 20
1556 2.90545089 -89.95308975 20
1557 4.9430247 -89.86415585 20
1558 6.4823024 -89.76625065 20
1559 10.03868056 -89.43838601 20
1560 13.4492524 -88.98942415 20
1561 16.96932438 -88.38575694 20
1562 18.48150067 -88.08197394 20
1563 20.47267595 -87.64057017 20
1564 21.9715675 -87.2768596 20
1565 25.41698319 -86.33641738 20
1566 28.69777937 -85.30203666 20
1567 32.05954784 -84.09628644 20
1568 33.49599941 -83.53453192 20
1569 35.3802753 -82.75407011 20
1570 36.79323764 -82.13560534 20
1571 40.02300365 -80.61116039 20
1572 43.07433884 -79.02278996 20
1573 46.17565816 -77.25159282 20
1574 47.49273916 -76.44893542 20
1575 49.21286289 -75.3531295 20
1576 50.49696388 -74.49870227 20
1577 53.41294539 -72.43657408 20
1578 56.14210632 -70.34247578 20
1579 58.88874447 -68.05964865 20
1580 60.04643605 -67.04047671 20
1581 61.55014254 -65.66262219 20
1582 62.66636542 -64.59819383 20
1583 65.17996182 -62.06103913 20
1584 67.5040243 -59.52484106 20
1585 69.81252608 -56.7997465 20
1586 70.77565238 -55.59502703 20
1587 72.01725226 -53.97698933 20
1588 72.93168115 -52.73490195 20
1589 74.96651809 -49.7998109 20
1590 76.81486667 -46.89857417 20
1591 78.61508941 -43.81401279 20
1592 79.35438632 -42.46035059 20
1593 80.29615421 -40.65129296 20
1594 80.98100466 -39.26928677 20
1595 82.47525464 -36.02544062 20
1596 83.79172818 -32.84731783 20
1597 85.02897303 -29.49701247 20
1598 85.52197738 -28.03553789 20
1599 86.13529814 -26.09042763 20
1600 86.56976133 -24.61049418 20
1601 87.47802232 -21.15645556 20
1602 88.22262043 -17.79801236 20
1603 88.85929434 -14.28376035 20
1604 89.09102644 -12.75887955 20
1605 89.35726463 -10.73681785 20
1606 89.5281396 -9.20392418 20
1607 89.82281455 -5.6446423 20
1608 89.97291301 -2.2079233 20
1609 89.98967095 1.36349659 20
1610 89.95308975 2.90545089 20
1611 89.86415585 4.9430247 20
1612 89.76625065 6.4823024 20
1613 89.43838601 10.03868056 20
1614 88.98942415 13.4492524 20
1615 88.38575694 16.96932438 20
1616 88.08197394 18.48150067 20
1617 87.64057017 20.47267595 20
1618 87.2768596 21.9715675 20
1619 86.33641738 25.41698319 20
1620 85.30203666 28.69777937 20 
1621 84.09628644 32.05954784 20
1622 83.53453192 33.49599941 20
1623 82.75407011 35.3802753 20
1624 82.13560534 36.79323764 20
1625 80.61116039 40.02300365 20
1626 79.02278996 43.07433884 20
1627 77.25159282 46.17565816 20
1628 76.44893542 47.49273916 20
1629 75.3531295 49.21286289 20
1630 74.49870227 50.49696388 20
1631 72.43657408 53.41294539 20
1632 70.34247578 56.14210632 20
1633 68.05964865 58.88874447 20
1634 67.04047671 60.04643605 20
1635 65.66262219 61.55014254 20
1636 64.59819383 62.66636542 20
1637 62.06103913 65.17996182 20
1638 59.52484106 67.5040243 20
1639 56.7997465 69.81252608 20
1640 55.59502703 70.77565238 20
1641 53.97698933 72.01725226 20
1642 52.73490195 72.93168115 20
1643 49.7998109 74.96651809 20
1644 46.89857417 76.81486667 20
1645 43.81401279 78.61508941 20
1646 42.46035059 79.35438632 20
1647 40.65129296 80.29615421 20
1648 39.26928677 80.98100466 20
1649 36.02544062 82.47525464 20
1650 32.84731783 83.79172818 20
1651 29.49701247 85.02897303 20
1652 28.03553789 85.52197738 20
1653 26.09042763 86.13529814 20
1654 24.61049418 86.56976133 20
1655 21.15645556 87.47802232 20
1656 17.79801236 88.22262043 20
1657 14.28376036 88.85929434 20
1658 12.75887955 89.09102644 20
1659 10.73681785 89.35726463 20
1660 9.20392418 89.5281396 20
1661 5.6446423 89.82281455 20
1662 2.2079233 89.97291301 20
1663 -1.36349659 89.98967095 20
1665 0 0 0
1666 0 0 20.
Faces:
1448 1666.
1663 1662 1661 1660 1659 1658 1657 1656 1655 1654 1653 1652 1651 1650
1649 1648 1647 1646 1645 1644 1643 1642 1641 1640 1639 1638 1637 1636 1635 1634 1633 1632 1631 1630
1639 1628 1627 1626 1625 1624 1623 1622 1621 1620 1619 1618 1617 1616 1615 1614 1613 1612 1611 1610
1609 1608 1607 1606 1605 1604 1603 1602 1601 1600 1599 1598 1597 1596 1595 1594 1593 1592 1591 1590 
1589 1588 1587 1586 1585 1584 1583 1582 1581 1580 1579 1578 1577 1576 1575 1574 1573 1572 1571 1570
1569 1568 1567 1566 1565 1564 1563 1562 1561 1560 1559 1558 1557 1556 1555 1554 1553 1552 1551 1550
1549 1548 1547 1546 1545 1544 1543 1542 1541 1540 1539 1538 1537 1536 1535 1534 1533 1532 1531 1530
1529 1528 1527 1526 1525 1524 1523 1522 1521 1520 1519 1518 1517 1516 1515 1514 1513 1512 1511 1510
1509 1508 1507 1506 1505 1504 1503 1502 1501 1500 1499 1498 1497 1496 1495 1494 1493 1492 1491 1490 
1489 1488 1487 1486 1485 1484 1483 1482 1481 1480 1479 1478 1477 1476 1475 1474 1473 1472 1471 1470 
1469 1468 1467 1466 1465 1464 1463 1462 1461 1460 1459 1458 1457 1456 1455 1454 1453 1452 1451 1450 1449 1448.
//
1232 1665.
1015 1014 1013 1012 1011 1010 1009 1008 1007 1006 1005 1004 1003 1002 1001 1000
999 998 997 996 995 994 993 992 991 990 989 988 987 986 985 984 983 982 981 980
979 978 977 976 975 974 973 972 971 970 969 968 967 966 965 964 963 962 961 960
959 958 957 956 955 954 953 952 951 950 949 948 947 946 945 944 943 942 941 940
939 938 937 936 935 934 933 932 931 930 929 928 927 926 925 924 923 922 921 920
919 918 917 916 915 914 913 912 911 910 909 908 907 906 905 904 903 902 901 900  
899 898 897 896 895 894 893 892 891 890 889 888 887 886 885 884 883 882 881 880
879 878 877 876 875 874 873 872 871 870 869 868 867 866 865 864 863 862 861 860
859 858 857 856 855 854 853 852 851 850 849 848 847 846 845 844 843 842 841 840
839 838 837 836 835 834 833 832 831 830 829 828 827 826 825 824 823 822 821 820
819 818 817 816 815 814 813 812 811 810 809 808 807 806 805 804 803 802 801 800 -1232 1233 1234 1235 1236 1237 1238 1239
1240 1241 1242 1243 1244 1245 1246 1247 1248 1249 1250 1251 1252 1253 1254 1255 1256 1257 1258 1259
1260 1261 1262 1263 1264 1265 1266 1267 1268 1269 1270 1271 1272 1273 1274 1275 1276 1277 1278 1279
1280 1281 1282 1283 1284 1285 1286 1287 1288 1289 1290 1291 1292 1293 1294 1295 1296 1297 1298 1299
1300 1301 1302 1303 1304 1305 1306 1307 1308 1309 1310 1311 1312 1313 1314 1315 1316 1317 1318 1319
1320 1321 1322 1323 1324 1325 1326 1327 1328 1329 1330 1331 1332 1333 1334 1335 1336 1337 1338 1339
1340 1341 1342 1343 1344 1345 1346 1347 1348 1349 1350 1351 1352 1353 1354 1355 1356 1357 1358 1359
1360 1361 1362 1363 1364 1365 1366 1367 1368 1369 1370 1371 1372 1373 1374 1375 1376 1377 1378 1379
1380 1381 1382 1383 1384 1385 1386 1387 1388 1389 1390 1391 1392 1393 1394 1395 1396 1397 1398 1399
1400 1401 1402 1403 1404 1405 1406 1407 1408 1409 1410 1411 1412 1413 1414 1415 1416 1417 1418 1419
1420 1421 1422 1423 1424 1425 1426 1427 1428 1429 1430 1431 1432 1433 1434 1435 1436 1437 1438 1439
1440 1441 1442 1443 1444 1445 1446 1447 1232 -800.
//1016 1017 1018 1019 1020 1021 1022 1023 1024 1025 1026 1027 1028 1029 1030 1031 1032 1033 1034 1035 1036 1037 1038 1039 
1040 1041 1042 1043 1044 1045 1046 1047 1048 1049 1050 1051 1052 1053 1054 1055 1056 1057 1058 1059 
1060 1061 1062 1063 1064 1065 1066 1067 1068 1069 1070 1071 1072 1073 1074 1075 1076 1077 1078 1079 
1080 1081 1082 1083 1084 1085 1086 1087 1088 1089 1090 1091 1092 1093 1094 1095 1096 1097 1098 1099  
1100 1101 1102 1103 1104 1105 1106 1107 1108 1109 1110 1111 1112 1113 1114 1115 1116 1117 1118 1119
1120 1121 1122 1123 1124 1125 1126 1127 1128 1129 1130 1131 1132 1133 1134 1135 1136 1137 1138 1139 
1140 1141 1142 1143 1144 1145 1146 1147 1148 1149 1150 1151 1152 1153 1154 1155 1156 1157 1158 1159 
1160 1161 1162 1163 1164 1165 1166 1167 1168 1169 1170 1171 1172 1173 1174 1175 1176 1177 1178 1179 
1180 1181 1182 1183 1184 1185 1186 1187 1188 1189 1190 1191 1192 1193 1194 1195 1196 1197 1198 1199 
1200 1201 1202 1203 1204 1205 1206 1207 1208 1209 1210 1211 1212 1213 1214 1215 1216 1217 1218 1219 1220 1221 1222 1223 1224 1225 1226 1227 1228 1229 1230 1231.