1 -9.24510387 168.07592616 0
2 -12.29396613 170.24556672 0
3 -21.19277007 188.81437047 0
4 -28.39286618 187.86656209 0
5 -32.18305572 167.62740085 0
6 -34.56656676 164.74265192 0
7 -38.29072826 163.91707974 0
8 -41.67002558 165.52432921 0
9 -53.65807562 182.26577002 0
10 -60.5842009 180.0820774 0
11 -60.80231547 159.492235 0
12 -62.64868423 156.23741954 0
13 -66.17290824 154.77769579 0
14 -69.77996239 155.77371871 0
15 -84.4930077 170.17911637 0
16 -90.93471532 166.82588992 0
17 -87.57412764 146.51097829 0
18 -88.82725313 142.98499222 0
19 -92.04445789 140.93546988 0
20 -95.76967034 141.29000259 0
21 -112.76066249 152.92165639 0
22 -118.52222444 148.5007822 0
23 -111.68504425 129.07805965 0 
24 -112.3068509 125.38803827 0 
25 -115.11928327 122.81099104 0
26 -118.84946533 122.51326125 0
27 -137.60214162 131.01774927 0
28 -142.50849575 125.66355335 0
29 -132.40246731 107.72316948 0
30 -132.37406183 103.98123223 0
31 -134.69626747 100.95496238 0
32 -138.31807946 100.01401645 0 
33 -158.2626493 105.13293412 0 
34 -162.16471852 99.00810102 0
35 -149.09690839 83.09516531 0 
36 -148.41915387 79.41500906 0
37 -150.18057375 76.03146827 0
38 -153.58396873 74.47589637 0
39 -174.11442646 76.05370798 0
40 -176.89364838 69.34433764 0
41 -161.26111537 55.9423566 0
42 -159.95460503 52.43580102 0
43 -161.10171929 48.79779647 0 
44 -164.18328683 46.67486387 0 
45 -184.67582489 44.6636284 0 
46 -186.24775425 37.57358166 0
47 -168.52548495 27.08976769 0
48 -166.62991646 23.86335771 0
49 -167.12787062 20.08142832 0
50 -169.79397884 17.45563925 0
51 -189.62594182 11.91646708 0
52 -189.94281635 4.6611714 0
53 -170.66929295 -2.5859301 0 
54 -168.24226219 -5.43416165 0 
55 -168.07592616 -9.24510387 0
56 -170.24556672 -12.29396613 0
57 -188.81437047 -21.19277007 0
58 -187.86656209 -28.39286618 0
59 -167.62740085 -32.18305572 0
60 -164.74265192 -34.56656676 0
61 -163.91707974 -38.29072826 0
62 -165.52432921 -41.67002558 0
63 -182.26577002 -53.65807562 0 
64 -180.0820774 -60.5842009 0
65 -159.492235 -60.80231547 0 
66 -156.23741954 -62.64868423 0
67 -154.77769579 -66.17290824 0
68 -155.77371871 -69.77996239 0
69 -170.17911637 -84.4930077 0
70 -166.82588992 -90.93471532 0
71 -146.51097829 -87.57412764 0
72 -142.98499222 -88.82725313 0
73 -140.93546988 -92.04445789 0
74 -141.29000259 -95.76967034 0 
75 -152.92165639 -112.76066249 0 
76 -148.5007822 -118.52222444 0
77 -129.07805965 -111.68504425 0 
78 -125.38803827 -112.3068509 0
79 -122.81099104 -115.11928327 0
80 -122.51326125 -118.84946533 0
81 -131.01774927 -137.60214162 0
82 -125.66355335 -142.50849575 0
83 -107.72316948 -132.40246731 0 
84 -103.98123223 -132.37406183 0
85 -100.95496238 -134.69626747 0
86 -100.01401645 -138.31807946 0
87 -105.13293412 -158.2626493 0
88 -99.00810102 -162.16471852 0
89 -83.09516531 -149.09690839 0
90 -79.41500906 -148.41915387 0
91 -76.03146827 -150.18057375 0
92 -74.47589637 -153.58396873 0
93 -76.05370798 -174.11442646 0
94 -69.34433764 -176.89364838 0
95 -55.9423566 -161.26111537 0 
96 -52.43580102 -159.95460503 0
97 -48.79779647 -161.10171929 0
98 -46.67486387 -164.18328683 0
99 -44.6636284 -184.67582489 0
100 -37.57358166 -186.24775425 0
101 -27.08976769 -168.52548495 0
102 -23.86335771 -166.62991646 0
103 -20.08142832 -167.12787062  0
104 -17.45563925 -169.79397884  0
105 -11.91646708 -189.62594182 0
106 -4.6611714 -189.94281635 0
107 2.5859301 -170.66929295 0
108 5.43416165 -168.24226219 0
109 9.24510387 -168.07592616 0
110 12.29396613 -170.24556672 0
111 21.19277007 -188.81437047 0
112 28.39286618 -187.86656209 0
113 32.18305572 -167.62740085 0 
114 34.56656676 -164.74265192 0 
115 38.29072826 -163.91707974 0 
116 41.67002558 -165.52432921 0 
117 53.65807562 -182.26577002 0
118 60.5842009 -180.0820774 0
119 60.80231547 -159.492235 0
120 62.64868423 -156.23741954 0
121 66.17290824 -154.77769579 0
122 69.77996239 -155.77371871 0
123 84.4930077 -170.17911637 0 
124 90.93471533 -166.82588992 0 
125 87.57412764 -146.51097829 0
126 88.82725313 -142.98499222 0
127 92.04445789 -140.93546988 0
128 95.76967035 -141.29000259 0
129 112.76066249 -152.92165639 0
130 118.52222444 -148.5007822 0
131 111.68504425 -129.07805965 0
132 112.3068509 -125.38803827 0
133 115.11928327 -122.81099104 0 
134 118.84946533 -122.51326125 0 
135 137.60214162 -131.01774927 0 
136 142.50849575 -125.66355335 0
137 132.40246731 -107.72316948 0
138 132.37406183 -103.98123223 0
139 134.69626748 -100.95496238 0
140 138.31807946 -100.01401645 0
141 158.2626493 -105.13293412 0
142 162.16471852 -99.00810102 0
143 149.09690839 -83.09516531 0 
144 148.41915387 -79.41500906 0
145 150.18057375 -76.03146827 0  
146 153.58396873 -74.47589637 0
147 174.11442646 -76.05370798 0
148 176.89364838 -69.34433764 0
149 161.26111537 -55.9423566 0
150 159.95460503 -52.43580102 0
151 161.10171929 -48.79779647 0
152 164.18328683 -46.67486387 0 
153 184.67582489 -44.6636284 0 
154 186.24775425 -37.57358166 0 
155 168.52548495 -27.08976769 0
156 166.62991646 -23.86335771 0
157 167.12787062 -20.08142832 0
158 169.79397884 -17.45563925 0
159 189.62594182 -11.91646708 0
160 189.94281635 -4.6611714 0
161 170.66929295 2.5859301 0
162 168.24226219 5.43416165 0
163 168.07592616 9.24510387 0  
164 170.24556672 12.29396613 0  
165 188.81437047 21.19277007 0
166 187.86656209 28.39286618 0
167 167.62740085 32.18305572 0
168 164.74265192 34.56656676 0
169 163.91707974 38.29072826 0
170 165.52432921 41.67002558 0
171 182.26577002 53.65807562 0
172 180.0820774 60.5842009 0
173 159.492235 60.80231547 0 
174 156.23741954 62.64868423 0 
175 154.77769579 66.17290824 0 
176 155.77371871 69.77996239 0
177 170.17911637 84.4930077 0
178 166.82588992 90.93471533 0
179 146.51097829 87.57412764 0
180 142.98499222 88.82725313 0
181 140.93546988 92.04445789 0 
182 141.29000259 95.76967035 0
183 152.92165639 112.76066249 0 
184 148.5007822 118.52222444 0  
185 129.07805965 111.68504425 0 
186 125.38803827 112.3068509 0
187 122.81099104 115.11928327 0
188 122.51326125 118.84946533 0
189 131.01774927 137.60214162 0
190 125.66355335 142.50849575 0
191 107.72316948 132.40246731 0
192 103.98123223 132.37406183 0
193 100.95496238 134.69626748 0
194 100.01401645 138.31807946 0 
195 105.13293412 158.2626493 0
196 99.00810102 162.16471852 0
197 83.09516531 149.09690839 0
198 79.41500906 148.41915387 0
199 76.03146827 150.18057375 0
200 74.47589637 153.58396873 0
201 76.05370798 174.11442646 0
202 69.34433764 176.89364838 0
203 55.9423566 161.26111537 0
204 52.43580102 159.95460503 0
205 48.79779647 161.10171929 0
206 46.67486387 164.18328683 0
207 44.6636284 184.67582489 0
208 37.57358166 186.24775425 0
209 27.08976769 168.52548495 0
210 23.86335771 166.62991646 0
211 20.08142832 167.12787062 0
212 17.45563925 169.79397884 0
213 11.91646708 189.62594182 0 
214 4.6611714 189.94281635 0 
215 -2.5859301 170.66929295 0
216 -5.43416165 168.24226219 0
217 -4.93486225 89.86460446 0
218 -6.47336855 89.76689534 0
219 -10.02711038 89.43968391 0
220 -13.43616624 88.99140092 0
221 -16.95621004 88.38827378 0
222 -18.46803177 88.08479893 0
223 -20.45848616 87.64388367 0
224 -21.95661401 87.28062271 0
225 -25.54767407 86.29783514 0
226 -28.81471733 85.26260649 0
227 -32.04130654 84.1032382 0
228 -33.4776363 83.54189289 0
229 -35.4584227 82.72061569 0
230 -36.86713136 82.10246418 0
231 -40.0912392  80.57724579 0
232 -43.05098512 79.03551531 0
233 -46.21307203 77.2292171 0
234 -47.47132887 76.46223209 0
235 -49.19121447 75.36726358 0
236 -50.47481458 74.51371078 0
237 -53.38797628 72.45497904 0
238 -56.14210631 70.34247578 0
239 -58.86612668 68.07921217 0
240 -60.0608396 67.02757304 0
241 -61.52796218 65.68340635 0
242 -62.64390758 64.61997248 0
243 -65.19564719 62.04456131 0
244 -67.47971551 59.55239705 0
245 -69.80851445 56.80467683 0
246 -70.84123288 55.51143777 0
247 -71.99684698 54.00420378 0
248 -72.93528494 52.7299176 0
249 -74.94462314 49.83275492 0
250 -76.79390341 46.9328925 0
251 -78.6129874 43.81778419 0
252 -79.36465718 42.44114973 0
253 -80.29310542 40.65731449 0
254 -80.98100466 39.26928677 0
255 -82.47525464 36.02544062 0
256 -83.79172818 32.84731783 0
257 -85.02897303 29.49701247 0
258 -85.52197738 28.03553789 0
259 -86.13529814 26.09042763 0
260 -86.56976133 24.61049418 0
261 -87.47802232 21.15645556 0
262 -88.22152785 17.80342728 0
263 -88.85859931 14.28808345 0
264 -89.09041682 12.76313563 0
265 -89.3566873 10.74162158 0
266 -89.52769589 9.20823915 0
267 -89.8200919 5.68780201 0
268 -89.97259544 2.22082637 0
269 -89.98984447 -1.35199547 0
270 -89.95345315 -2.89417802 0
271 -89.86477114 -4.931826 0
272 -89.7670668 -6.47099051 0
273 -89.43977694 -10.02628054 0
274 -88.99126368 -13.43707514 0
275 -88.38781012 -16.95862676 0
276 -88.08415943 -18.47108168 0
277 -87.64296699 -20.4624128 0
278 -87.27945194 -21.96126747 0
279 -86.33969034 -25.40586295 0
280 -85.30565501 -28.68702188 0
281 -84.09983114 -32.05024809 0
282 -83.5381376 -33.48700594 0
283 -82.75782107 -35.37150055 0
284 -82.13788275 -36.78815322 0
285 -80.61383175 -40.01762276 0
286 -79.02759428 -43.06552382 0
287 -77.25606103 -46.16818205 0
288 -76.45338812 -47.48557092 0
289 -75.35572742 -49.20888481 0
290 -74.50136058 -50.49304181 0
291 -72.4417971 -53.4058614 0
292 -70.34547465 -56.13834871 0
293 -68.064361 -58.88329782 0
294 -67.04510112 -60.0412726 0
295 -65.66721732 -61.54524002 0
296 -64.60283148 -62.66158445 0
297 -62.06609502 -65.17514748 0
298 -59.52975553 -67.49969042 0
299 -56.80210172 -69.8106098 0
300 -55.59912717 -70.77243148 0
301 -53.98097272 -72.01426653 0
302 -52.73706535 -72.93011681 0
303 -49.802045 -74.96503394 0
304 -46.90239957 -76.81253097 0
305 -43.81714308 -78.61334474 0
306 -42.46329372 -79.35281146 0
307 -40.65404596 -80.2947604 0
308 -39.27193199 -80.97972189 0
309 -36.02797639 -82.47414696 0
310 -32.84768149 -83.79158562 0
311 -29.49717857 -85.02891542 0
312 -28.03606101 -85.52180589 0
313 -26.09042763 -86.13529814 0
314 -24.61049418 -86.56976133 0
315 -21.15645556 -87.47802232 0
316 -17.79801236 -88.22262043 0
317 -14.28376035 -88.85929434 0
318 -12.80435644 -89.08450177 0
319 -10.89424363 -89.33820826 0
320 -9.20392418 -89.5281396 0
321 -5.6446423 -89.82281455 0
322 -2.2079233 -89.97291301 0
323 1.36349659 -89.98967095 0
324 2.90545089 -89.95308975 0
325 4.9430247 -89.86415585 0
326 6.4823024 -89.76625065 0
327 10.03868056 -89.43838601 0
328 13.4492524 -88.98942415 0
329 16.96932438 -88.38575694 0
330 18.48150067 -88.08197394 0
331 20.47267595 -87.64057017 0
332 21.9715675 -87.2768596 0
333 25.41698319 -86.33641738 0
334 28.69777937 -85.30203666 0
335 32.05954784 -84.09628644 0
336 33.49599941 -83.53453192 0
337 35.3802753 -82.75407011 0
338 36.79323764 -82.13560534 0
339 40.02300365 -80.61116039 0
340 43.07433884 -79.02278996 0
341 46.17565816 -77.25159282 0
342 47.49273916 -76.44893542 0
343 49.21286289 -75.3531295 0
344 50.49696388 -74.49870227 0
345 53.41294539 -72.43657408 0
346 56.14210632 -70.34247578 0
347 58.88874447 -68.05964865 0
348 60.04643605 -67.04047671 0
349 61.55014254 -65.66262219 0
350 62.66636542 -64.59819383 0
351 65.17996182 -62.06103913 0
352 67.5040243 -59.52484106 0
353 69.81252608 -56.7997465 0
354 70.77565238 -55.59502703 0
355 72.01725226 -53.97698933 0
356 72.93168115 -52.73490195 0
357 74.96651809 -49.7998109 0
358 76.81486667 -46.89857417 0
359 78.61508941 -43.81401279 0
360 79.35438632 -42.46035059 0
361 80.29615421 -40.65129296 0
362 80.98100466 -39.26928677 0
363 82.47525464 -36.02544062 0
364 83.79172818 -32.84731783 0
365 85.02897303 -29.49701247 0
366 85.52197738 -28.03553789 0
367 86.13529814 -26.09042763 0
368 86.56976133 -24.61049418 0
369 87.47802232 -21.15645556 0
370 88.22262043 -17.79801236 0
371 88.85929434 -14.28376035 0
372 89.09102644 -12.75887955 0
373 89.35726463 -10.73681785 0
374 89.5281396 -9.20392418 0
375 89.82281455 -5.6446423 0
376 89.97291301 -2.2079233 0
377 89.98967095 1.36349659 0
378 89.95308975 2.90545089 0
379 89.86415585 4.9430247 0
380 89.76625065 6.4823024 0
381 89.43838601 10.03868056 0
382 88.98942415 13.4492524 0
383 88.38575694 16.96932438 0
384 88.08197394 18.48150067 0
385 87.64057017 20.47267595 0
386 87.2768596 21.9715675 0
387 86.33641738 25.41698319 0
388 85.30203666 28.69777937 0 
389 84.09628644 32.05954784 0
390 83.53453192 33.49599941 0
391 82.75407011 35.3802753 0
392 82.13560534 36.79323764 0
393 80.61116039 40.02300365 0
394 79.02278996 43.07433884 0
395 77.25159282 46.17565816 0
396 76.44893542 47.49273916 0
397 75.3531295 49.21286289 0
398 74.49870227 50.49696388 0
399 72.43657408 53.41294539 0
400 70.34247578 56.14210632 0
401 68.05964865 58.88874447 0
402 67.04047671 60.04643605 0
403 65.66262219 61.55014254 0
404 64.59819383 62.66636542 0
405 62.06103913 65.17996182 0
406 59.52484106 67.5040243 0
407 56.7997465 69.81252608 0
408 55.59502703 70.77565238 0
409 53.97698933 72.01725226 0
410 52.73490195 72.93168115 0
411 49.7998109 74.96651809 0
412 46.89857417 76.81486667 0
413 43.81401279 78.61508941 0
414 42.46035059 79.35438632 0
415 40.65129296 80.29615421 0
416 39.26928677 80.98100466 0
417 36.02544062 82.47525464 0
418 32.84731783 83.79172818 0
419 29.49701247 85.02897303 0
420 28.03553789 85.52197738 0
421 26.09042763 86.13529814 0
422 24.61049418 86.56976133 0
423 21.15645556 87.47802232 0
424 17.79801236 88.22262043 0
425 14.28376036 88.85929434 0
426 12.75887955 89.09102644 0
427 10.73681785 89.35726463 0
428 9.20392418 89.5281396 0
429 5.6446423 89.82281455 0
430 2.2079233 89.97291301 0
431 -1.36349659 89.98967095 0
432 -2.90545089 89.95308975 0 
Faces:
217 218. 218 219 220.
221 222. 223 224. 225 226. 227 228 229 230.