1 -9.24510387 168.07592616 8
2 -12.29396613 170.24556672 8
3 -21.19277007 188.81437047 8
4 -28.39286618 187.86656209 8
5 -32.18305572 167.62740085 8
6 -34.56656676 164.74265192 8
7 -38.29072826 163.91707974 8
8 -41.67002558 165.52432921 8
9 -53.65807562 182.26577002 8
10 -60.5842009 180.0820774 8
11 -60.80231547 159.492235 8
12 -62.64868423 156.23741954 8
13 -66.17290824 154.77769579 8
14 -69.77996239 155.77371871 8
15 -84.4930077 170.17911637 8
16 -90.93471532 166.82588992 8
17 -87.57412764 146.51097829 8
18 -88.82725313 142.98499222 8
19 -92.04445789 140.93546988 8
20 -95.76967034 141.29000259 8
21 -112.76066249 152.92165639 8
22 -118.52222444 148.5007822 8
23 -111.68504425 129.07805965 8 
24 -112.3068509 125.38803827 8 
25 -115.11928327 122.81099104 8
26 -118.84946533 122.51326125 8
27 -137.60214162 131.01774927 8
28 -142.50849575 125.66355335 8
29 -132.40246731 107.72316948 8
30 -132.37406183 103.98123223 8
31 -134.69626747 100.95496238 8
32 -138.31807946 100.01401645 8 
33 -158.2626493 105.13293412 8 
34 -162.16471852 99.00810102 8
35 -149.09690839 83.09516531 8 
36 -148.41915387 79.41500906 8
37 -150.18057375 76.03146827 8
38 -153.58396873 74.47589637 8
39 -174.11442646 76.05370798 8
40 -176.89364838 69.34433764 8
41 -161.26111537 55.9423566 8
42 -159.95460503 52.43580102 8
43 -161.10171929 48.79779647 8 
44 -164.18328683 46.67486387 8 
45 -184.67582489 44.6636284 8 
46 -186.24775425 37.57358166 8
47 -168.52548495 27.08976769 8
48 -166.62991646 23.86335771 8
49 -167.12787062 20.08142832 8
50 -169.79397884 17.45563925 8
51 -189.62594182 11.91646708 8
52 -189.94281635 4.6611714 8
53 -170.66929295 -2.5859301 8 
54 -168.24226219 -5.43416165 8 
55 -168.07592616 -9.24510387 8
56 -170.24556672 -12.29396613 8
57 -188.81437047 -21.19277007 8
58 -187.86656209 -28.39286618 8
59 -167.62740085 -32.18305572 8
60 -164.74265192 -34.56656676 8
61 -163.91707974 -38.29072826 8
62 -165.52432921 -41.67002558 8
63 -182.26577002 -53.65807562 8 
64 -180.0820774 -60.5842009 8
65 -159.492235 -60.80231547 8 
66 -156.23741954 -62.64868423 8
67 -154.77769579 -66.17290824 8
68 -155.77371871 -69.77996239 8
69 -170.17911637 -84.4930077 8
70 -166.82588992 -90.93471532 8
71 -146.51097829 -87.57412764 8
72 -142.98499222 -88.82725313 8
73 -140.93546988 -92.04445789 8
74 -141.29000259 -95.76967034 8 
75 -152.92165639 -112.76066249 8 
76 -148.5007822 -118.52222444 8
77 -129.07805965 -111.68504425 8 
78 -125.38803827 -112.3068509 8
79 -122.81099104 -115.11928327 8
80 -122.51326125 -118.84946533 8
81 -131.01774927 -137.60214162 8
82 -125.66355335 -142.50849575 8
83 -107.72316948 -132.40246731 8 
84 -103.98123223 -132.37406183 8
85 -100.95496238 -134.69626747 8
86 -100.01401645 -138.31807946 8
87 -105.13293412 -158.2626493 8
88 -99.00810102 -162.16471852 8
89 -83.09516531 -149.09690839 8
90 -79.41500906 -148.41915387 8
91 -76.03146827 -150.18057375 8
92 -74.47589637 -153.58396873 8
93 -76.05370798 -174.11442646 8
94 -69.34433764 -176.89364838 8
95 -55.9423566 -161.26111537 8 
96 -52.43580102 -159.95460503 8
97 -48.79779647 -161.10171929 8
98 -46.67486387 -164.18328683 8
99 -44.6636284 -184.67582489 8
100 -37.57358166 -186.24775425 8
101 -27.08976769 -168.52548495 8
102 -23.86335771 -166.62991646 8
103 -20.08142832 -167.12787062  8
104 -17.45563925 -169.79397884  8
105 -11.91646708 -189.62594182 8
106 -4.6611714 -189.94281635 8
107 2.5859301 -170.66929295 8
108 5.43416165 -168.24226219 8
109 9.24510387 -168.07592616 8
110 12.29396613 -170.24556672 8
111 21.19277007 -188.81437047 8
112 28.39286618 -187.86656209 8
113 32.18305572 -167.62740085 8 
114 34.56656676 -164.74265192 8 
115 38.29072826 -163.91707974 8 
116 41.67002558 -165.52432921 8 
117 53.65807562 -182.26577002 8
118 60.5842009 -180.0820774 8
119 60.80231547 -159.492235 8
120 62.64868423 -156.23741954 8
121 66.17290824 -154.77769579 8
122 69.77996239 -155.77371871 8
123 84.4930077 -170.17911637 8 
124 90.93471533 -166.82588992 8 
125 87.57412764 -146.51097829 8
126 88.82725313 -142.98499222 8
127 92.04445789 -140.93546988 8
128 95.76967035 -141.29000259 8
129 112.76066249 -152.92165639 8
130 118.52222444 -148.5007822 8
131 111.68504425 -129.07805965 8
132 112.3068509 -125.38803827 8
133 115.11928327 -122.81099104 8 
134 118.84946533 -122.51326125 8 
135 137.60214162 -131.01774927 8 
136 142.50849575 -125.66355335 8
137 132.40246731 -107.72316948 8
138 132.37406183 -103.98123223 8
139 134.69626748 -100.95496238 8
140 138.31807946 -100.01401645 8
141 158.2626493 -105.13293412 8
142 162.16471852 -99.00810102 8
143 149.09690839 -83.09516531 8 
144 148.41915387 -79.41500906 8
145 150.18057375 -76.03146827 8  
146 153.58396873 -74.47589637 8
147 174.11442646 -76.05370798 8
148 176.89364838 -69.34433764 8
149 161.26111537 -55.9423566 8
150 159.95460503 -52.43580102 8
151 161.10171929 -48.79779647 8
152 164.18328683 -46.67486387 8 
153 184.67582489 -44.6636284 8 
154 186.24775425 -37.57358166 8 
155 168.52548495 -27.08976769 8
156 166.62991646 -23.86335771 8
157 167.12787062 -20.08142832 8
158 169.79397884 -17.45563925 8
159 189.62594182 -11.91646708 8
160 189.94281635 -4.6611714 8
161 170.66929295 2.5859301 8
162 168.24226219 5.43416165 8
163 168.07592616 9.24510387 8  
164 170.24556672 12.29396613 8  
165 188.81437047 21.19277007 8
166 187.86656209 28.39286618 8
167 167.62740085 32.18305572 8
168 164.74265192 34.56656676 8
169 163.91707974 38.29072826 8
170 165.52432921 41.67002558 8
171 182.26577002 53.65807562 8
172 180.0820774 60.5842009 8
173 159.492235 60.80231547 8 
174 156.23741954 62.64868423 8 
175 154.77769579 66.17290824 8 
176 155.77371871 69.77996239 8
177 170.17911637 84.4930077 8
178 166.82588992 90.93471533 8
179 146.51097829 87.57412764 8
180 142.98499222 88.82725313 8
181 140.93546988 92.04445789 8 
182 141.29000259 95.76967035 8
183 152.92165639 112.76066249 8 
184 148.5007822 118.52222444 8  
185 129.07805965 111.68504425 8 
186 125.38803827 112.3068509 8
187 122.81099104 115.11928327 8
188 122.51326125 118.84946533 8
189 131.01774927 137.60214162 8
190 125.66355335 142.50849575 8
191 107.72316948 132.40246731 8
192 103.98123223 132.37406183 8
193 100.95496238 134.69626748 8
194 100.01401645 138.31807946 8 
195 105.13293412 158.2626493 8
196 99.00810102 162.16471852 8
197 83.09516531 149.09690839 8
198 79.41500906 148.41915387 8
199 76.03146827 150.18057375 8
200 74.47589637 153.58396873 8
201 76.05370798 174.11442646 8
202 69.34433764 176.89364838 8
203 55.9423566 161.26111537 8
204 52.43580102 159.95460503 8
205 48.79779647 161.10171929 8
206 46.67486387 164.18328683 8
207 44.6636284 184.67582489 8
208 37.57358166 186.24775425 8
209 27.08976769 168.52548495 8
210 23.86335771 166.62991646 8
211 20.08142832 167.12787062 8
212 17.45563925 169.79397884 8
213 11.91646708 189.62594182 8 
214 4.6611714 189.94281635 8 
215 -2.5859301 170.66929295 8
216 -5.43416165 168.24226219 8
433 -9.24510387 168.07592616 0
434 -12.29396613 170.24556672 0
435 -21.19277007 188.81437047 0
436 -28.39286618 187.86656209 0
437 -32.18305572 167.62740085 0
438 -34.56656676 164.74265192 0
439 -38.29072826 163.91707974 0
440 -41.67002558 165.52432921 0
441 -53.65807562 182.26577002 0
442 -60.5842009 180.0820774 0
443 -60.80231547 159.492235 0
444 -62.64868423 156.23741954 0
445 -66.17290824 154.77769579 0
446 -69.77996239 155.77371871 0
447 -84.4930077 170.17911637 0
448 -90.93471532 166.82588992 0
449 -87.57412764 146.51097829 0
450 -88.82725313 142.98499222 0
451 -92.04445789 140.93546988 0
452 -95.76967034 141.29000259 0
453 -112.76066249 152.92165639 0
454 -118.52222444 148.5007822 0
455 -111.68504425 129.07805965 0 
456 -112.3068509 125.38803827 0 
457 -115.11928327 122.81099104 0
458 -118.84946533 122.51326125 0
459 -137.60214162 131.01774927 0
460 -142.50849575 125.66355335 0
461 -132.40246731 107.72316948 0
462 -132.37406183 103.98123223 0
463 -134.69626747 100.95496238 0
464 -138.31807946 100.01401645 0
465 -158.2626493 105.13293412 0 
466 -162.16471852 99.00810102 0
467 -149.09690839 83.09516531 0 
468 -148.41915387 79.41500906 0
469 -150.18057375 76.03146827 0
470 -153.58396873 74.47589637 0
471 -174.11442646 76.05370798 0
472 -176.89364838 69.34433764 0
473 -161.26111537 55.9423566 0
474 -159.95460503 52.43580102 0
475 -161.10171929 48.79779647 0
476 -164.18328683 46.67486387 0 
477 -184.67582489 44.6636284 0 
478 -186.24775425 37.57358166 0
479 -168.52548495 27.08976769 0
480 -166.62991646 23.86335771 0
481 -167.12787062 20.08142832 0
482 -169.79397884 17.45563925 0
483 -189.62594182 11.91646708 0
484 -189.94281635 4.6611714 0
485 -170.66929295 -2.5859301 0 
486 -168.24226219 -5.43416165 0 
487 -168.07592616 -9.24510387 0
488 -170.24556672 -12.29396613 0
489 -188.81437047 -21.19277007 0
490 -187.86656209 -28.39286618 0
491 -167.62740085 -32.18305572 0
492 -164.74265192 -34.56656676 0
493 -163.91707974 -38.29072826 0
494 -165.52432921 -41.67002558 0
495 -182.26577002 -53.65807562 0 
496 -180.0820774 -60.5842009 0
497 -159.492235 -60.80231547 0 
498 -156.23741954 -62.64868423 0
499 -154.77769579 -66.17290824 0
500 -155.77371871 -69.77996239 0
501 -170.17911637 -84.4930077 0
502 -166.82588992 -90.93471532 0
503 -146.51097829 -87.57412764 0
504 -142.98499222 -88.82725313 0
505 -140.93546988 -92.04445789 0
506 -141.29000259 -95.76967034 0 
507 -152.92165639 -112.76066249 0 
508 -148.5007822 -118.52222444 0
509 -129.07805965 -111.68504425 0 
510 -125.38803827 -112.3068509 0
511 -122.81099104 -115.11928327 0
512 -122.51326125 -118.84946533 0
513 -131.01774927 -137.60214162 0
514 -125.66355335 -142.50849575 0
515 -107.72316948 -132.40246731 0 
516 -103.98123223 -132.37406183 0
517 -100.95496238 -134.69626747 0
518 -100.01401645 -138.31807946 0
519 -105.13293412 -158.2626493 0
520 -99.00810102 -162.16471852 0
521 -83.09516531 -149.09690839 0
522 -79.41500906 -148.41915387 0
523 -76.03146827 -150.18057375 0
524 -74.47589637 -153.58396873 0
525 -76.05370798 -174.11442646 0
526 -69.34433764 -176.89364838 0
527 -55.9423566 -161.26111537 0 
528 -52.43580102 -159.95460503 0
529 -48.79779647 -161.10171929 0
530 -46.67486387 -164.18328683 0
531 -44.6636284 -184.67582489 0
532 -37.57358166 -186.24775425 0
533 -27.08976769 -168.52548495 0
534 -23.86335771 -166.62991646 0
535 -20.08142832 -167.12787062  0
536 -17.45563925 -169.79397884  0
537 -11.91646708 -189.62594182 0
538 -4.6611714 -189.94281635 0
539 2.5859301 -170.66929295 0
540 5.43416165 -168.24226219 0
541 9.24510387 -168.07592616 0
542 12.29396613 -170.24556672 0
543 21.19277007 -188.81437047 0
544 28.39286618 -187.86656209 0
545 32.18305572 -167.62740085 0 
546 34.56656676 -164.74265192 0 
547 38.29072826 -163.91707974 0 
548 41.67002558 -165.52432921 0 
549 53.65807562 -182.26577002 0
550 60.5842009 -180.0820774 0
551 60.80231547 -159.492235 0
552 62.64868423 -156.23741954 0
553 66.17290824 -154.77769579 0
554 69.77996239 -155.77371871 0
555 84.4930077 -170.17911637 0 
556 90.93471533 -166.82588992 0 
557 87.57412764 -146.51097829 0
558 88.82725313 -142.98499222 0
559 92.04445789 -140.93546988 0
560 95.76967035 -141.29000259 0
561 112.76066249 -152.92165639 0
562 118.52222444 -148.5007822 0
563 111.68504425 -129.07805965 0
564 112.3068509 -125.38803827 0
565 115.11928327 -122.81099104 0 
566 118.84946533 -122.51326125 0 
567 137.60214162 -131.01774927 0 
568 142.50849575 -125.66355335 0
569 132.40246731 -107.72316948 0
570 132.37406183 -103.98123223 0
571 134.69626748 -100.95496238 0
572 138.31807946 -100.01401645 0
573 158.2626493 -105.13293412 0
574 162.16471852 -99.00810102 0
575 149.09690839 -83.09516531 0 
576 148.41915387 -79.41500906 0
577 150.18057375 -76.03146827 0  
578 153.58396873 -74.47589637 0
579 174.11442646 -76.05370798 0
580 176.89364838 -69.34433764 0
581 161.26111537 -55.9423566 0
582 159.95460503 -52.43580102 0
583 161.10171929 -48.79779647 0
584 164.18328683 -46.67486387 0 
585 184.67582489 -44.6636284 0 
586 186.24775425 -37.57358166 0 
587 168.52548495 -27.08976769 0
588 166.62991646 -23.86335771 0
589 167.12787062 -20.08142832 0
590 169.79397884 -17.45563925 0
591 189.62594182 -11.91646708 0
592 189.94281635 -4.6611714 0
593 170.66929295 2.5859301 0
594 168.24226219 5.43416165 0
595 168.07592616 9.24510387 0  
596 170.24556672 12.29396613 0  
597 188.81437047 21.19277007 0
598 187.86656209 28.39286618 0
599 167.62740085 32.18305572 0
600 164.74265192 34.56656676 0
601 163.91707974 38.29072826 0
602 165.52432921 41.67002558 0
603 182.26577002 53.65807562 0
604 180.0820774 60.5842009 0
605 159.492235 60.80231547 0 
606 156.23741954 62.64868423 0 
607 154.77769579 66.17290824 0 
608 155.77371871 69.77996239 0
609 170.17911637 84.4930077 0
610 166.82588992 90.93471533 0
611 146.51097829 87.57412764 0
612 142.98499222 88.82725313 0
613 140.93546988 92.04445789 0 
614 141.29000259 95.76967035 0
615 152.92165639 112.76066249 0 
616 148.5007822 118.52222444 0  
617 129.07805965 111.68504425 0 
618 125.38803827 112.3068509 0
619 122.81099104 115.11928327 0
620 122.51326125 118.84946533 0
621 131.01774927 137.60214162 0
622 125.66355335 142.50849575 0
623 107.72316948 132.40246731 0
624 103.98123223 132.37406183 0
625 100.95496238 134.69626748 0
626 100.01401645 138.31807946 0 
627 105.13293412 158.2626493 0
628 99.00810102 162.16471852 0
629 83.09516531 149.09690839 0
630 79.41500906 148.41915387 0
631 76.03146827 150.18057375 0
632 74.47589637 153.58396873 0
633 76.05370798 174.11442646 0
634 69.34433764 176.89364838 0
635 55.9423566 161.26111537 0
636 52.43580102 159.95460503 0
637 48.79779647 161.10171929 0
638 46.67486387 164.18328683 0
639 44.6636284 184.67582489 0
640 37.57358166 186.24775425 0
641 27.08976769 168.52548495 0
642 23.86335771 166.62991646 0
643 20.08142832 167.12787062 0
644 17.45563925 169.79397884 0
645 11.91646708 189.62594182 0 
646 4.6611714 189.94281635 0 
647 -2.5859301 170.66929295 0
648 -5.43416165 168.24226219 0
217 -4.93486225 89.86460446 0
218 -6.47336855 89.76689534 0
219 -10.02711038 89.43968391 0
220 -13.43616624 88.99140092 0
221 -16.95621004 88.38827378 0
222 -18.46803177 88.08479893 0
223 -20.45848616 87.64388367 0
224 -21.95661401 87.28062271 0
225 -25.54767407 86.29783514 0
226 -28.81471733 85.26260649 0
227 -32.04130654 84.1032382 0
228 -33.4776363 83.54189289 0
229 -35.4584227 82.72061569 0
230 -36.86713136 82.10246418 0
231 -40.0912392  80.57724579 0
232 -43.05098512 79.03551531 0
233 -46.21307203 77.2292171 0
234 -47.47132887 76.46223209 0
235 -49.19121447 75.36726358 0
236 -50.47481458 74.51371078 0
237 -53.38797628 72.45497904 0
238 -56.14210631 70.34247578 0
239 -58.86612668 68.07921217 0
240 -60.0608396 67.02757304 0
241 -61.52796218 65.68340635 0
242 -62.64390758 64.61997248 0
243 -65.19564719 62.04456131 0
244 -67.47971551 59.55239705 0
245 -69.80851445 56.80467683 0
246 -70.84123288 55.51143777 0
247 -71.99684698 54.00420378 0
248 -72.93528494 52.7299176 0
249 -74.94462314 49.83275492 0
250 -76.79390341 46.9328925 0
251 -78.6129874 43.81778419 0
252 -79.36465718 42.44114973 0
253 -80.29310542 40.65731449 0
254 -80.98100466 39.26928677 0
255 -82.47525464 36.02544062 0
256 -83.79172818 32.84731783 0
257 -85.02897303 29.49701247 0
258 -85.52197738 28.03553789 0
259 -86.13529814 26.09042763 0
260 -86.56976133 24.61049418 0
261 -87.47802232 21.15645556 0
262 -88.22152785 17.80342728 0
263 -88.85859931 14.28808345 0
264 -89.09041682 12.76313563 0
265 -89.3566873 10.74162158 0
266 -89.52769589 9.20823915 0
267 -89.8200919 5.68780201 0
268 -89.97259544 2.22082637 0
269 -89.98984447 -1.35199547 0
270 -89.95345315 -2.89417802 0
271 -89.86477114 -4.931826 0
272 -89.7670668 -6.47099051 0
273 -89.43977694 -10.02628054 0
274 -88.99126368 -13.43707514 0
275 -88.38781012 -16.95862676 0
276 -88.08415943 -18.47108168 0
277 -87.64296699 -20.4624128 0
278 -87.27945194 -21.96126747 0
279 -86.33969034 -25.40586295 0
280 -85.30565501 -28.68702188 0
281 -84.09983114 -32.05024809 0
282 -83.5381376 -33.48700594 0
283 -82.75782107 -35.37150055 0
284 -82.13788275 -36.78815322 0
285 -80.61383175 -40.01762276 0
286 -79.02759428 -43.06552382 0
287 -77.25606103 -46.16818205 0
288 -76.45338812 -47.48557092 0
289 -75.35572742 -49.20888481 0
290 -74.50136058 -50.49304181 0
291 -72.4417971 -53.4058614 0
292 -70.34547465 -56.13834871 0
293 -68.064361 -58.88329782 0
294 -67.04510112 -60.0412726 0
295 -65.66721732 -61.54524002 0
296 -64.60283148 -62.66158445 0
297 -62.06609502 -65.17514748 0
298 -59.52975553 -67.49969042 0
299 -56.80210172 -69.8106098 0
300 -55.59912717 -70.77243148 0
301 -53.98097272 -72.01426653 0
302 -52.73706535 -72.93011681 0
303 -49.802045 -74.96503394 0
304 -46.90239957 -76.81253097 0
305 -43.81714308 -78.61334474 0
306 -42.46329372 -79.35281146 0
307 -40.65404596 -80.2947604 0
308 -39.27193199 -80.97972189 0
309 -36.02797639 -82.47414696 0
310 -32.84768149 -83.79158562 0
311 -29.49717857 -85.02891542 0
312 -28.03606101 -85.52180589 0
313 -26.09042763 -86.13529814 0
314 -24.61049418 -86.56976133 0
315 -21.15645556 -87.47802232 0
316 -17.79801236 -88.22262043 0
317 -14.28376035 -88.85929434 0
318 -12.80435644 -89.08450177 0
319 -10.89424363 -89.33820826 0
320 -9.20392418 -89.5281396 0
321 -5.6446423 -89.82281455 0
322 -2.2079233 -89.97291301 0
323 1.36349659 -89.98967095 0
324 2.90545089 -89.95308975 0
325 4.9430247 -89.86415585 0
326 6.4823024 -89.76625065 0
327 10.03868056 -89.43838601 0
328 13.4492524 -88.98942415 0
329 16.96932438 -88.38575694 0
330 18.48150067 -88.08197394 0
331 20.47267595 -87.64057017 0
332 21.9715675 -87.2768596 0
333 25.41698319 -86.33641738 0
334 28.69777937 -85.30203666 0
335 32.05954784 -84.09628644 0
336 33.49599941 -83.53453192 0
337 35.3802753 -82.75407011 0
338 36.79323764 -82.13560534 0
339 40.02300365 -80.61116039 0
340 43.07433884 -79.02278996 0
341 46.17565816 -77.25159282 0
342 47.49273916 -76.44893542 0
343 49.21286289 -75.3531295 0
344 50.49696388 -74.49870227 0
345 53.41294539 -72.43657408 0
346 56.14210632 -70.34247578 0
347 58.88874447 -68.05964865 0
348 60.04643605 -67.04047671 0
349 61.55014254 -65.66262219 0
350 62.66636542 -64.59819383 0
351 65.17996182 -62.06103913 0
352 67.5040243 -59.52484106 0
353 69.81252608 -56.7997465 0
354 70.77565238 -55.59502703 0
355 72.01725226 -53.97698933 0
356 72.93168115 -52.73490195 0
357 74.96651809 -49.7998109 0
358 76.81486667 -46.89857417 0
359 78.61508941 -43.81401279 0
360 79.35438632 -42.46035059 0
361 80.29615421 -40.65129296 0
362 80.98100466 -39.26928677 0
363 82.47525464 -36.02544062 0
364 83.79172818 -32.84731783 0
365 85.02897303 -29.49701247 0
366 85.52197738 -28.03553789 0
367 86.13529814 -26.09042763 0
368 86.56976133 -24.61049418 0
369 87.47802232 -21.15645556 0
370 88.22262043 -17.79801236 0
371 88.85929434 -14.28376035 0
372 89.09102644 -12.75887955 0
373 89.35726463 -10.73681785 0
374 89.5281396 -9.20392418 0
375 89.82281455 -5.6446423 0
376 89.97291301 -2.2079233 0
377 89.98967095 1.36349659 0
378 89.95308975 2.90545089 0
379 89.86415585 4.9430247 0
380 89.76625065 6.4823024 0
381 89.43838601 10.03868056 0
382 88.98942415 13.4492524 0
383 88.38575694 16.96932438 0
384 88.08197394 18.48150067 0
385 87.64057017 20.47267595 0
386 87.2768596 21.9715675 0
387 86.33641738 25.41698319 0
388 85.30203666 28.69777937 0 
389 84.09628644 32.05954784 0
390 83.53453192 33.49599941 0
391 82.75407011 35.3802753 0
392 82.13560534 36.79323764 0
393 80.61116039 40.02300365 0
394 79.02278996 43.07433884 0
395 77.25159282 46.17565816 0
396 76.44893542 47.49273916 0
397 75.3531295 49.21286289 0
398 74.49870227 50.49696388 0
399 72.43657408 53.41294539 0
400 70.34247578 56.14210632 0
401 68.05964865 58.88874447 0
402 67.04047671 60.04643605 0
403 65.66262219 61.55014254 0
404 64.59819383 62.66636542 0
405 62.06103913 65.17996182 0
406 59.52484106 67.5040243 0
407 56.7997465 69.81252608 0
408 55.59502703 70.77565238 0
409 53.97698933 72.01725226 0
410 52.73490195 72.93168115 0
411 49.7998109 74.96651809 0
412 46.89857417 76.81486667 0
413 43.81401279 78.61508941 0
414 42.46035059 79.35438632 0
415 40.65129296 80.29615421 0
416 39.26928677 80.98100466 0
417 36.02544062 82.47525464 0
418 32.84731783 83.79172818 0
419 29.49701247 85.02897303 0
420 28.03553789 85.52197738 0
421 26.09042763 86.13529814 0
422 24.61049418 86.56976133 0
423 21.15645556 87.47802232 0
424 17.79801236 88.22262043 0
425 14.28376036 88.85929434 0
426 12.75887955 89.09102644 0
427 10.73681785 89.35726463 0
428 9.20392418 89.5281396 0
429 5.6446423 89.82281455 0
430 2.2079233 89.97291301 0
431 -1.36349659 89.98967095 0
432 -2.90545089 89.95308975 0 
649 -4.93486225 89.86460446 16
650 -6.47336855 89.76689534 16
651 -10.02711038 89.43968391 16
652 -13.43616624 88.99140092 16
653 -16.95621004 88.38827378 16
654 -18.46803177 88.08479893 16
655 -20.45848616 87.64388367 16
656 -21.95661401 87.28062271 16
657 -25.54767407 86.29783514 16
658 -28.81471733 85.26260649 16
659 -32.04130654 84.1032382 16
660 -33.4776363 83.54189289 16
661 -35.4584227 82.72061569 16
662 -36.86713136 82.10246418 16
663 -40.0912392  80.57724579 16
664 -43.05098512 79.03551531 16
665 -46.21307203 77.2292171 16
666 -47.47132887 76.46223209 16
667 -49.19121447 75.36726358 16
668 -50.47481458 74.51371078 16
669 -53.38797628 72.45497904 16
670 -56.14210631 70.34247578 16
671 -58.86612668 68.07921217 16
672 -60.0608396 67.02757304 16
673 -61.52796218 65.68340635 16
674 -62.64390758 64.61997248 16
675 -65.19564719 62.04456131 16
676 -67.47971551 59.55239705 16
677 -69.80851445 56.80467683 16
678 -70.84123288 55.51143777 16
679 -71.99684698 54.00420378 16
680 -72.93528494 52.7299176 16
681 -74.94462314 49.83275492 16
682 -76.79390341 46.9328925 16
683 -78.6129874 43.81778419 16
684 -79.36465718 42.44114973 16
685 -80.29310542 40.65731449 16
686 -80.98100466 39.26928677 16
687 -82.47525464 36.02544062 16
688 -83.79172818 32.84731783 16
689 -85.02897303 29.49701247 16
690 -85.52197738 28.03553789 16
691 -86.13529814 26.09042763 16
692 -86.56976133 24.61049418 16
693 -87.47802232 21.15645556 16
694 -88.22152785 17.80342728 16
695 -88.85859931 14.28808345 16
696 -89.09041682 12.76313563 16
697 -89.3566873 10.74162158 16
698 -89.52769589 9.20823915 16
699 -89.8200919 5.68780201 16
700 -89.97259544 2.22082637 16
701 -89.98984447 -1.35199547 16
702 -89.95345315 -2.89417802 16
703 -89.86477114 -4.931826 16
704 -89.7670668 -6.47099051 16
705 -89.43977694 -10.02628054 16
706 -88.99126368 -13.43707514 16
707 -88.38781012 -16.95862676 16
708 -88.08415943 -18.47108168 16
709 -87.64296699 -20.4624128 16
710 -87.27945194 -21.96126747 16
711 -86.33969034 -25.40586295 16
712 -85.30565501 -28.68702188 16
713 -84.09983114 -32.05024809 16
714 -83.5381376 -33.48700594 16
715 -82.75782107 -35.37150055 16
716 -82.13788275 -36.78815322 16
717 -80.61383175 -40.01762276 16
718 -79.02759428 -43.06552382 16
719 -77.25606103 -46.16818205 16
720 -76.45338812 -47.48557092 16
721 -75.35572742 -49.20888481 16
722 -74.50136058 -50.49304181 16
723 -72.4417971 -53.4058614 16
724 -70.34547465 -56.13834871 16
725 -68.064361 -58.88329782 16
726 -67.04510112 -60.0412726 16
727 -65.66721732 -61.54524002 16
728 -64.60283148 -62.66158445 16
729 -62.06609502 -65.17514748 16
730 -59.52975553 -67.49969042 16
731 -56.80210172 -69.8106098 16
732 -55.59912717 -70.77243148 16
733 -53.98097272 -72.01426653 16
734 -52.73706535 -72.93011681 16
735 -49.802045 -74.96503394 16
736 -46.90239957 -76.81253097 16
737 -43.81714308 -78.61334474 16
738 -42.46329372 -79.35281146 16
739 -40.65404596 -80.2947604 16
740 -39.27193199 -80.97972189 16
741 -36.02797639 -82.47414696 16
742 -32.84768149 -83.79158562 16
743 -29.49717857 -85.02891542 16
744 -28.03606101 -85.52180589 16
745 -26.09042763 -86.13529814 16
746 -24.61049418 -86.56976133 16
747 -21.15645556 -87.47802232 16
748 -17.79801236 -88.22262043 16
749 -14.28376035 -88.85929434 16
750 -12.80435644 -89.08450177 16
751 -10.89424363 -89.33820826 16
752 -9.20392418 -89.5281396 16
753 -5.6446423 -89.82281455 16
754 -2.2079233 -89.97291301 16
755 1.36349659 -89.98967095 16
756 2.90545089 -89.95308975 16
757 4.9430247 -89.86415585 16
758 6.4823024 -89.76625065 16
759 10.03868056 -89.43838601 16
760 13.4492524 -88.98942415 16
761 16.96932438 -88.38575694 16
762 18.48150067 -88.08197394 16
763 20.47267595 -87.64057017 16
764 21.9715675 -87.2768596 16
765 25.41698319 -86.33641738 16
766 28.69777937 -85.30203666 16
767 32.05954784 -84.09628644 16
768 33.49599941 -83.53453192 16
769 35.3802753 -82.75407011 16
770 36.79323764 -82.13560534 16
771 40.02300365 -80.61116039 16
772 43.07433884 -79.02278996 16
773 46.17565816 -77.25159282 16
774 47.49273916 -76.44893542 16
775 49.21286289 -75.3531295 16
776 50.49696388 -74.49870227 16
777 53.41294539 -72.43657408 16
778 56.14210632 -70.34247578 16
779 58.88874447 -68.05964865 16
780 60.04643605 -67.04047671 16
781 61.55014254 -65.66262219 16
782 62.66636542 -64.59819383 16
783 65.17996182 -62.06103913 16
784 67.5040243 -59.52484106 16
785 69.81252608 -56.7997465 16
786 70.77565238 -55.59502703 16
787 72.01725226 -53.97698933 16
788 72.93168115 -52.73490195 16
789 74.96651809 -49.7998109 16
790 76.81486667 -46.89857417 16
791 78.61508941 -43.81401279 16
792 79.35438632 -42.46035059 16
793 80.29615421 -40.65129296 16
794 80.98100466 -39.26928677 16
795 82.47525464 -36.02544062 16
796 83.79172818 -32.84731783 16
797 85.02897303 -29.49701247 16
798 85.52197738 -28.03553789 16
799 86.13529814 -26.09042763 16
800 86.56976133 -24.61049418 16
801 87.47802232 -21.15645556 16
802 88.22262043 -17.79801236 16
803 88.85929434 -14.28376035 16
804 89.09102644 -12.75887955 16
805 89.35726463 -10.73681785 16
806 89.5281396 -9.20392418 16
807 89.82281455 -5.6446423 16
808 89.97291301 -2.2079233 16
809 89.98967095 1.36349659 16
810 89.95308975 2.90545089 16
811 89.86415585 4.9430247 16
812 89.76625065 6.4823024 16
813 89.43838601 10.03868056 16
814 88.98942415 13.4492524 16
815 88.38575694 16.96932438 16
816 88.08197394 18.48150067 16
817 87.64057017 20.47267595 16
818 87.2768596 21.9715675 16
819 86.33641738 25.41698319 16
820 85.30203666 28.69777937 16 
821 84.09628644 32.05954784 16
822 83.53453192 33.49599941 16
823 82.75407011 35.3802753 16
824 82.13560534 36.79323764 16
825 80.61116039 40.02300365 16
826 79.02278996 43.07433884 16
827 77.25159282 46.17565816 16
828 76.44893542 47.49273916 16
829 75.3531295 49.21286289 16
830 74.49870227 50.49696388 16
831 72.43657408 53.41294539 16
832 70.34247578 56.14210632 16
833 68.05964865 58.88874447 16
834 67.04047671 60.04643605 16
835 65.66262219 61.55014254 16
836 64.59819383 62.66636542 16
837 62.06103913 65.17996182 16
838 59.52484106 67.5040243 16
839 56.7997465 69.81252608 16
840 55.59502703 70.77565238 16
841 53.97698933 72.01725226 16
842 52.73490195 72.93168115 16
843 49.7998109 74.96651809 16
844 46.89857417 76.81486667 16
845 43.81401279 78.61508941 16
846 42.46035059 79.35438632 16
847 40.65129296 80.29615421 16
848 39.26928677 80.98100466 16
849 36.02544062 82.47525464 16
850 32.84731783 83.79172818 16
851 29.49701247 85.02897303 16
852 28.03553789 85.52197738 16
853 26.09042763 86.13529814 16
854 24.61049418 86.56976133 16
855 21.15645556 87.47802232 16
856 17.79801236 88.22262043 16
857 14.28376036 88.85929434 16
858 12.75887955 89.09102644 16
859 10.73681785 89.35726463 16
860 9.20392418 89.5281396 16
861 5.6446423 89.82281455 16
862 2.2079233 89.97291301 16
863 -1.36349659 89.98967095 16
864 -2.90545089 89.95308975 16
865 0 0 0.
867 0 0 16.
Faces:
433 434 435 436 437 438 439 440 441 442 443 444 445 446 447 448 449 450 
451 452 453 454 455 456 457 458 459 460 461 462 463 464 465 466 467 468 469 470
471 472 473 474 475 476 477 478 479 480 481 482 483 484 485 486 487 488 489 490
491 492 493 494 495 496 497 498 499 500 501 502 503 504 505 506 507 508 509 510
511 512 513 514 515 516 517 518 519 520 521 522 523 524 525 526 527 528 529 530
531 532 533 534 535 536 537 538 539 540 541 542 543 544 545 546 547 548 549 550
551 552 553 554 555 556 557 558 559 560 561 562 563 564 565 566 567 568 569 570
571 572 573 574 575 576 577 578 579 580 581 582 583 584 585 586 587 588 589 590
591 592 593 594 595 596 597 598 599 600 601 602 603 604 605 606 607 608 609 610
611 612 613 614 615 616 617 618 619 620 621 622 623 624 625 626 627 628 629 630
631 632 633 634 635 636 637 638 639 640 641 642 643 644 645 646 647 648 -864 863 862 861 860
859 858 857 856 855 854 853 852 851 850 849 848 847 846 845 844 843 842 841 840  
839 838 837 836 835 834 833 832 831 830 829 828 827 826 825 824 823 822 821 820  
819 818 817 816 815 814 813 812 811 810 809 808 807 806 805 804 803 802 801 800  
799 798 797 796 795 794 793 792 791 790 789 788 787 786 785 784 783 782 781 780  
779 778 777 776 775 774 773 772 771 770 769 768 767 766 765 764 763 762 761 760  
759 758 757 756 755 754 753 752 751 750 749 748 747 746 745 744 743 742 741 740  
739 738 737 736 735 734 733 732 731 730 729 728 727 726 725 724 723 722 721 720  
719 718 717 716 715 714 713 712 711 710 709 708 707 706 705 704 703 702 701 700  
699 698 697 696 695 694 693 692 691 690 689 688 687 686 685 684 683 682 681 680  
679 678 677 676 675 674 673 672 671 670 669 668 667 666 665 664 663 662 661 660  
659 658 657 656 655 654 653 652 651 650 649 864 -648.
216 215 214 213 212 211 210 209 208 207 206 205 204 203 202 201 200
199 198 197 196 195 194 193 192 191 190 189 188 187 186 185 184 183 182 181 180
179 178 177 176 175 174 173 172 171 170 169 168 167 166 165 164 163 162 161 160
159 158 157 156 155 154 153 152 151 150 149 148 147 146 145 144 143 142 141 140
139 138 137 136 135 134 133 132 131 130 129 128 127 126 125 124 123 122 121 120
119 118 117 116 115 114 113 112 111 110 109 108 107 106 105 104 103 102 101 100
99 98 97 96 95 94 93 92 91 90 89 88 87 86 85 84 83 82 81 80
79 78 77 76 75 74 73 72 71 70 69 68 67 66 65 64 63 62 61 60
59 58 57 56 55 54 53 52 51 50 49 48 47 46 45 44 43 42 41 40
39 38 37 36 35 34 33 32 31 30 29 28 27 26 25 24 23 22 21 20
19 18 17 16 15 14 13 12 11 10 9 8 7 6 5 4 3 2 1 -217 218 219 220
221 222 223 224 225 226 227 228 229 230 231 232 233 235 236 237 238 239 240
241 242 243 244 245 246 247 248 249 250 251 252 253 255 256 257 258 259 260
261 262 263 264 265 266 267 268 269 270 271 272 273 275 276 277 278 279 280
281 282 283 284 285 286 287 288 289 290 291 292 293 295 296 297 298 299 300
301 302 303 304 305 306 307 308 309 310 311 312 313 315 316 317 318 319 320
321 322 323 324 325 326 327 328 329 330 331 332 333 335 336 337 338 339 340
341 342 343 344 345 346 347 348 349 350 351 352 353 355 356 357 358 359 360
361 362 363 364 365 366 367 368 369 370 371 372 373 375 376 377 378 379 380
381 382 383 384 385 386 387 388 389 390 391 392 393 395 396 397 398 399 400
401 402 403 404 405 406 407 408 409 410 411 412 413 415 416 417 418 419 420
421 422 423 424 425 426 427 428 429 430 431 432 217 -1.
2 1 433 434. 434 433 1 2. 
3 2 434 435. 435 434 2 3.
4 3 435 436. 436 435 3 4.
5 4 436 437. 437 436 4 5.
6 5 437 438. 438 437 5 6.
7 6 438 439. 439 438 6 7.
8 7 439 440. 440 439 7 8.
9 8 440 441. 441 440 8 9.
10 9 441 442. 442 441 9 10.
11 10 442 443. 443 442 10 11.
12 11 443 444. 444 443 11 12.
13 12 444 445. 445 444 12 13.
14 13 445 446. 446 445 13 14.
15 14 446 447. 447 446 14 15.
16 15 447 448. 448 447 15 16.
17 16 448 449. 449 448 16 17. 
18 17 449 450. 450 449 17 18.
19 18 450 451. 451 450 18 19. 
20 19 451 452. 452 451 19 20.
21 20 452 453. 453 452 20 21.
22 21 453 454. 454 453 21 22.
23 22 454 455. 455 454 22 23.
24 23 455 456. 456 455 23 24.
25 24 456 457. 457 456 24 25.
26 25 457 458. 458 457 25 26.
27 26 458 459. 459 458 26 27.
28 27 459 460. 460 459 27 28.
29 28 460 461. 461 460 28 29.
30 29 461 462. 462 461 29 30.
31 30 462 463. 463 462 30 31.
32 31 463 464. 464 463 31 32.
33 32 464 465. 465 464 32 33.
34 33 465 466. 466 465 33 34.
35 34 466 467. 467 466 34 35.
36 35 467 468. 468 467 35 36.
37 36 468 469. 469 468 36 37.
38 37 469 470. 470 469 37 38.
39 38 470 471. 471 470 38 39.
40 39 471 472. 472 471 39 40.
41 40 472 473. 473 472 40 41.
42 41 473 474. 474 473 41 42.
43 42 474 475. 475 474 42 43.
44 43 475 476. 476 475 43 44.
45 44 476 477. 477 476 44 45.
46 45 477 478. 478 477 45 46.
47 46 478 479. 479 478 46 47.
48 47 479 480. 480 479 47 48.
49 48 480 481. 481 480 48 49.
50 49 481 482. 482 481 49 50.
51 50 482 483. 483 482 50 51.
52 51 483 484. 484 483 51 52.
53 52 484 485. 485 484 52 53.
54 53 485 486. 486 485 53 54.
55 54 486 487. 487 486 54 55.
56 55 487 488. 488 487 55 56.
57 56 488 489. 489 488 56 57.
58 57 489 490. 490 489 57 58.
59 58 490 491. 491 490 58 59.
60 59 491 492. 492 491 59 60.
61 60 492 493. 493 492 60 61.
62 61 493 494. 494 493 61 62.
63 62 494 495. 495 494 62 63.
64 63 495 496. 496 495 63 64.
65 64 496 497. 497 496 64 65.
66 65 497 498. 498 497 65 66.
67 66 498 499. 499 498 66 67.
68 67 499 500. 500 499 67 68.
69 68 500 501. 501 500 68 69.
70 69 501 502. 502 501 69 70.
71 70 502 503. 503 502 70 71.
72 71 503 504. 504 503 71 72.
73 72 504 505. 505 504 72 73.
74 73 505 506. 506 505 73 74.
75 74 506 507. 507 506 74 75.
76 75 507 508. 508 507 75 76.
77 76 508 509. 509 508 76 77.
78 77 509 510. 510 509 77 78.
79 78 510 511. 511 510 78 79.
80 79 511 512. 512 511 79 80.
81 80 512 513. 513 512 80 81.
82 81 513 514. 514 513 81 82.
83 82 514 515. 515 514 82 83.
84 83 515 516. 516 515 83 84.
85 84 516 517. 517 516 84 85.
86 85 517 518. 518 517 85 86.
87 86 518 519. 519 518 86 87.
88 87 519 520. 520 519 87 88.
89 88 520 521. 521 520 88 89.
90 89 521 522. 522 521 89 90.
91 90 522 523. 523 522 90 91.
92 91 523 524. 524 523 91 92.
93 92 524 525. 525 524 92 93.
94 93 525 526. 526 525 93 94.
95 94 526 527. 527 526 94 95.
96 95 527 528. 528 527 95 96.
97 96 528 529. 529 528 96 97.
98 97 529 530. 530 529 97 98.
99 98 530 531. 531 530 98 99.
100 99 531 532. 532 531 99 100.
101 100 532 533. 533 532 100 101.
102 101 533 534. 534 533 101 102.
103 102 534 535. 535 534 102 103.
104 103 535 536. 536 535 103 104.
105 104 536 537. 537 536 104 105.
106 105 537 538. 538 537 105 106.
107 106 538 539. 539 538 106 107.
108 107 539 540. 540 539 107 108.
109 108 540 541. 541 540 108 109.
110 109 541 542. 542 541 109 110.
111 110 542 543. 543 542 110 111.
112 111 543 544. 544 543 111 112.
113 112 544 545. 545 544 112 113.
114 113 545 546. 546 545 113 114.
115 114 546 547. 547 546 114 115.
116 115 547 548. 548 547 115 116.
117 116 548 549. 549 548 116 117.
118 117 549 550. 550 549 117 118.
119 118 550 551. 551 550 118 119.
120 119 551 552. 552 551 119 120.
121 120 552 553. 553 552 120 121.
122 121 553 554. 554 553 121 122.
123 122 554 555. 555 554 122 123.
124 123 555 556. 556 555 123 124.
125 124 556 557. 557 556 124 125.
126 125 557 558. 558 557 125 126.
127 126 558 559. 559 558 126 127.
128 127 559 560. 560 559 127 128.
129 128 560 561. 561 560 128 129.
130 129 561 562. 562 561 129 130.
131 130 562 563. 563 562 130 131.
132 131 563 564. 564 563 131 132.
133 132 564 565. 565 564 132 133.
134 133 565 566. 566 565 133 134.
135 134 566 567. 567 566 134 135.
136 135 567 568. 568 567 135 136.
137 136 568 569. 569 568 136 137.
138 137 569 570. 570 569 137 138.
139 138 570 571. 571 570 138 139. 
140 139 571 572. 572 571 139 140.
141 140 572 573. 573 572 140 141.
142 141 573 574. 574 573 141 142.
143 142 574 575. 575 574 142 143.
144 143 575 576. 576 575 143 144.
145 144 576 577. 577 576 144 145.
146 145 577 578. 578 577 145 146.
147 146 578 579. 579 578 146 147.
148 147 579 580. 580 579 147 148.
149 148 580 581. 581 580 148 149.
150 149 581 582. 582 581 149 150.
151 150 582 583. 583 582 150 151.
152 151 583 584. 584 583 151 152.
153 152 584 585. 585 584 152 153.
154 153 585 586. 586 585 153 154.
155 154 586 587. 587 586 154 155.
156 155 587 588. 588 587 155 156.
157 156 588 589. 589 588 156 157.
158 157 589 590. 590 589 157 158.
159 158 590 591. 591 590 158 159.
160 159 591 592. 592 591 159 160.
161 160 592 593. 593 592 160 161.
162 161 593 594. 594 593 161 162.
163 162 594 595. 595 594 162 163.
164 163 595 596. 596 595 163 164.
165 164 596 597. 597 596 164 165.
166 165 597 598. 598 597 165 166.
167 166 598 599. 599 598 166 167.
168 167 599 600. 600 599 167 168.
169 168 600 601. 601 600 168 169.
170 169 601 602. 602 601 169 170.
171 170 602 603. 603 602 170 171.
172 171 603 604. 604 603 171 172.
173 172 604 605. 605 604 172 173.
174 173 605 606. 606 605 173 174.
175 174 606 607. 607 606 174 175.
176 175 607 608. 608 607 175 176.
177 176 608 609. 609 608 176 177.
178 177 609 610. 610 609 177 178.
179 178 610 611. 611 610 178 179.
180 179 611 612. 612 611 179 180.
181 180 612 613. 613 612 180 181.
182 181 613 614. 614 613 181 182.
183 182 614 615. 615 614 182 183.
184 183 615 616. 616 615 183 184.
185 184 616 617. 617 616 184 185.
186 185 617 618. 618 617 185 186.
187 186 618 619. 619 618 186 187.
188 187 619 620. 620 619 187 188.
189 188 620 621. 621 620 188 189.
190 189 621 622. 622 621 189 190.
191 190 622 623. 623 622 190 191.
192 191 623 624. 624 623 191 192.
193 192 624 625. 625 624 192 193.
194 193 625 626. 626 625 193 194.
195 194 626 627. 627 626 194 195.
196 195 627 628. 628 627 195 196.
197 196 628 629. 629 628 196 197.
198 197 629 630. 630 629 197 198.
199 198 630 631. 631 630 198 199.
200 199 631 632. 632 631 199 200.
201 200 632 633. 633 632 200 201.
202 201 633 634. 634 633 201 202.
203 202 634 635. 635 634 202 203.
204 203 635 636. 636 635 203 204.
205 204 636 637. 637 636 204 205.
206 205 637 638. 638 637 205 206.
207 206 638 639. 639 638 206 207.
208 207 639 640. 640 639 207 208.
209 208 640 641. 641 640 208 209.
210 209 641 642. 642 641 209 210.
211 210 642 643. 643 642 210 211.
212 211 643 644. 644 643 211 212.
213 212 644 645. 645 644 212 213.
214 213 645 646. 646 645 213 214.
215 214 646 647. 647 646 214 215.
216 215 647 648. 648 647 215 216.
1 216 648 433. 433 648 216 1.
//
434 433 1 2. 
435 434 2 3.
436 435 3 4.
437 436 4 5.
438 437 5 6.
439 438 6 7.
440 439 7 8.
441 440 8 9.
442 441 9 10.
443 442 10 11.
444 443 11 12.
445 444 12 13.
446 445 13 14.
447 446 14 15.
448 447 15 16.
449 448 16 17. 
450 449 17 18.
451 450 18 19. 
452 451 19 20.
453 452 20 21.
454 453 21 22.
455 454 22 23.
456 455 23 24.
457 456 24 25.
458 457 25 26.
459 458 26 27.
460 459 27 28.
461 460 28 29.
462 461 29 30.
463 462 30 31.
464 463 31 32.
465 464 32 33.
466 465 33 34.
467 466 34 35.
468 467 35 36.
469 468 36 37.
470 469 37 38.
471 470 38 39.
472 471 39 40.
473 472 40 41.
474 473 41 42.
475 474 42 43.
476 475 43 44.
477 476 44 45.
478 477 45 46.
479 478 46 47.
480 479 47 48.
481 480 48 49.
482 481 49 50.
483 482 50 51.
484 483 51 52.
485 484 52 53.
486 485 53 54.
487 486 54 55.
488 487 55 56.
489 488 56 57.
490 489 57 58.
491 490 58 59.
492 491 59 60.
493 492 60 61.
494 493 61 62.
495 494 62 63.
496 495 63 64.
497 496 64 65.
498 497 65 66.
499 498 66 67.
500 499 67 68.
501 500 68 69.
502 501 69 70.
503 502 70 71.
504 503 71 72.
505 504 72 73.
506 505 73 74.
507 506 74 75.
508 507 75 76.
509 508 76 77.
510 509 77 78.
511 510 78 79.
512 511 79 80.
513 512 80 81.
514 513 81 82.
515 514 82 83.
516 515 83 84.
517 516 84 85.
518 517 85 86.
519 518 86 87.
520 519 87 88.
521 520 88 89.
522 521 89 90.
523 522 90 91.
524 523 91 92.
525 524 92 93.
526 525 93 94.
527 526 94 95.
528 527 95 96.
529 528 96 97.
530 529 97 98.
531 530 98 99.
532 531 99 100.
533 532 100 101.
534 533 101 102.
535 534 102 103.
536 535 103 104.
537 536 104 105.
538 537 105 106.
539 538 106 107.
540 539 107 108.
541 540 108 109.
542 541 109 110.
543 542 110 111.
544 543 111 112.
545 544 112 113.
546 545 113 114.
547 546 114 115.
548 547 115 116.
549 548 116 117.
550 549 117 118.
551 550 118 119.
552 551 119 120.
553 552 120 121.
554 553 121 122.
555 554 122 123.
556 555 123 124.
557 556 124 125.
558 557 125 126.
559 558 126 127.
560 559 127 128.
561 560 128 129.
562 561 129 130.
563 562 130 131.
564 563 131 132.
565 564 132 133.
566 565 133 134.
567 566 134 135.
568 567 135 136.
569 568 136 137.
570 569 137 138.
571 570 138 139. 
572 571 139 140.
573 572 140 141.
574 573 141 142.
575 574 142 143.
576 575 143 144.
577 576 144 145.
578 577 145 146.
579 578 146 147.
580 579 147 148.
581 580 148 149.
582 581 149 150.
583 582 150 151.
584 583 151 152.
585 584 152 153.
586 585 153 154.
587 586 154 155.
588 587 155 156.
589 588 156 157.
590 589 157 158.
591 590 158 159.
592 591 159 160.
593 592 160 161.
594 593 161 162.
595 594 162 163.
596 595 163 164.
597 596 164 165.
598 597 165 166.
599 598 166 167.
600 599 167 168.
601 600 168 169.
602 601 169 170.
603 602 170 171.
604 603 171 172.
605 604 172 173.
606 605 173 174.
607 606 174 175.
608 607 175 176.
609 608 176 177.
610 609 177 178.
611 610 178 179.
612 611 179 180.
613 612 180 181.
614 613 181 182.
615 614 182 183.
616 615 183 184.
617 616 184 185.
618 617 185 186.
619 618 186 187.
620 619 187 188.
621 620 188 189.
622 621 189 190.
623 622 190 191.
624 623 191 192.
625 624 192 193.
626 625 193 194.
627 626 194 195.
628 627 195 196.
629 628 196 197.
630 629 197 198.
631 630 198 199.
632 631 199 200.
633 632 200 201.
634 633 201 202.
635 634 202 203.
636 635 203 204.
637 636 204 205.
638 637 205 206.
639 638 206 207.
640 639 207 208.
641 640 208 209.
642 641 209 210.
643 642 210 211.
644 643 211 212.
645 644 212 213.
646 645 213 214.
647 646 214 215.
648 647 215 216.
433 648 216 1.
//
1 2 3 4 5 6 7 8 9 10 11 12 13 14 15 16 17 18 19
20 21 22 23 24 25 26 27 28 29 30 31 32 33 34 35 36 37 38 39
40 41 42 43 44 45 46 47 48 49 50 51 52 53 54 55 56 57 58 59
60 61 62 63 64 65 66 67 68 69 70 71 72 73 74 75 76 77 78 79
80 81 82 83 84 85 86 87 88 89 90 91 92 93 94 95 96 97 98 99
100 101 102 103 104 105 106 107 108 109 110 111 112 113 114 115 116 117 118 119
120 121 122 123 124 125 126 127 128 129 130 131 132 133 134 135 136 137 138 139
140 141 142 143 144 145 146 147 148 149 150 151 152 153 154 155 156 157 158 159
160 161 162 163 164 165 166 167 168 169 170 171 172 173 174 175 176 177 178 179
180 181 182 183 184 185 186 187 188 189 190 191 192 193 194 195 196 197 198 199
200 201 202 203 204 205 206 207 208 209 210 211 212 213 214 215 216.
648 647 646 645 644 643 642 641 640 639 638 637 636 635 634 633 632 631 630
629 628 627 626 625 624 623 622 621 620 619 618 617 616 615 614 613 612 611 610
609 608 607 606 605 604 603 602 601 600 599 598 597 596 595 594 593 592 591 590
589 588 587 586 585 584 583 582 581 580 579 578 577 576 575 574 573 572 571 570 
569 568 567 566 565 564 563 562 561 560 559 558 557 556 555 554 553 552 551 550 
549 548 547 546 545 544 543 542 541 540 539 538 537 536 535 534 533 532 531 530 
529 528 527 526 525 524 523 522 521 520 519 518 517 516 515 514 513 512 511 510
509 508 507 506 505 504 503 502 501 500 499 498 497 496 495 494 493 492 491 490 
489 488 487 486 485 484 483 482 481 480 479 478 477 476 475 474 473 472 471 470 
469 468 467 466 465 464 463 462 461 460 459 458 457 456 455 454 453 452 451 450          
449 448 447 446 445 444 443 442 441 440 439 438 437 436 435 434 433.