1 -22 0.0 0 
2 -7 0.0 0
3 -7 20 0
4 -22 20 0
5 -22 0.0 0.5 
6 -7 0.0 0.5
7 -7 20 0.5
8 -22 20 0.5
9 -21.9 0.1 0.5
10 -7.1 0.1 0.5
11 -7.1 19.9 0.5
12 -21.9 19.9 0.5
13 -21.9 0.1 0.6
14 -7.1 0.1 0.6
15 -7.1 19.9 0.6
16 -21.9 19.9 0.6
17 -18 6 0.6
18 
19
20 
21
22
23
24
Faces:
4 3 2 1.
5 6 7 8.
1 2 6 5.
2 3 7 6.
3 4 8 7.
4 1 5 8.
12 11 10 9.
13 14 15 16.
9 10 14 13.
10 11 15 14.
11 12 16 15.
12 9 13 16.
//


//
9 10 11 12.
16 15 14 13.
13 14 10 9. 
14 15 11 10. 
15 16 12 11. 
16 13 9 12.
//

//
10 9 13 14.
11 10 14 15.
12 11 15 16.
9 12 16 13.
//
9 10 14 13. 13 14 10 9.
10 11 15 14. 14 15 11 10.
11 12 16 15. 
12 9 13 16.


