1 0 0 0
2 1 0 0
3 1 1 0
4 0 1 0
5 0 0 1
6 1 0 1
7 1 1 1 
8 0 1 1
9 0 0 3
10 1 0 3
11 1 1 3
12 0 1 3
13 0 0 4
14 1 0 4
15 1 1 4
16 0 1 4
17 0 0 6
18 1 0 6 
19 1 1 6
20 0 1 6
21 0 0 7
22 1 0 7
23 1 1 7
24 0 1 7
25 0 3 0
26 1 3 0
27 1 4 0
28 0 4 0
29 0 3 1
30 1 3 1
31 1 4 1
32 0 4 1
33 0 3 3
34 1 3 3
35 1 4 3
36 0 4 3
37 0 3 4
38 1 3 4
39 1 4 4
40 0 4 4
41 0 3 6
42 1 3 6
43 1 4 6
44 0 4 6
45 0 3 7
46 1 3 7
47 1 4 7
48 0 4 7
49 0 6 0
50 1 6 0
51 1 7 0
52 0 7 0
53 0 6 1
54 1 6 1
55 1 7 1
56 0 7 1
57 3 0 0
58 4 0 0
59 4 1 0
60 3 1 0
Faces:
1 2 3 4.
5 6 7 8.
9 10 11 12.
13 14 15 16.
17 18 19 20.
21 22 23 24.
25 26 27 28.
29 30 31 32.
33 34 35 36.
37 38 39 40.
41 42 43 44.
45 46 47 48.
49 50 51 52.
53 54 55 56.
57 58 59 60.