1 0 -5.2662817 138.22971886   
2 0 -2.41991857 140.74277681 
3 0 4.88156018 159.92551507 
4 0 11.86963319 159.55911697 
5 0 17.12501612 139.71799831 
6 0 19.6929658 136.92105754 
7 0 23.58837377 136.30398939 
8 0 26.89503115 138.17033882 
9 0 38.02527062 155.41582543 
10 0 44.78445902 153.60453193 
11 0 45.7997987 133.10433377 
12 0 47.73011583 129.83460611 
13 0 51.4121041 128.42112152 
14 0 55.03453896 129.55919401 
15 0 69.50709427 144.11371845 
16 0 75.7419891 140.93669177 
17 0 72.4729103 120.67337114 
18 0 73.68123076 117.07375937 
19 0 76.98887879 114.9256344 
20 0 80.76877332 115.28569072 
21 0 97.95112437 126.51315044 
22 0 103.38923079 122.10924189 
23 0 95.97860796 102.96840314 
24 0 96.41212235 99.19622757
25 0 99.20087004 96.40734559
26 0 102.97302473 95.97364955
27 0 122.11422031 103.38335068
28 0 126.51786699 97.9450322
29 0 115.28957989 80.76322182
30 0 114.92934156 76.98334462
31 0 117.07730725 73.67559316
32 0 120.67686083 72.46709937
33 0 140.94033885 75.73520241
34 0 144.1170653 69.50015461
35 0 129.56184397 55.02830016
36 0 128.42359704 51.40592011
37 0 129.83690433 47.72386378
38 0 133.10653904 45.7933892
39 0 153.60668828 44.77706237
40 0 155.4176563 38.01778676
41 0 138.17163375 26.88837773
42 0 136.30512509 23.58181022
43 0 136.92200567 19.68637254
44 0 139.71882278 17.11828818
45 0 159.55968835 11.86194984
46 0 159.92574995 4.8738592
47 0 140.74266012 -2.42669583
48 0 138.22946511 -5.27293794
49 0 138.02295833 -9.21150764
50 0 140.22472352 -12.30496417
51 0 158.53916438 -21.57158681
52 0 157.44432091 -28.4830794
53 0 137.16255688 -31.63571114
54 0 134.11251421 -33.89723341
55 0 133.09164541 -37.70680073
56 0 134.60213097 -41.19043054
57 0 150.58971817 -54.06234161
58 0 148.08181955 -60.59517074
59 0 127.58779173 -59.46209407
60 0 124.13420289 -61.04005712
61 0 122.34358894 -64.5541257
62 0 123.0967794 -68.27567744
63 0 136.05877867 -84.19031266
64 0 132.2474321 -90.05896236
65 0 112.43682785 -84.68969816
66 0 108.73063124 -85.51513743
67 0 106.24853056 -88.58012561
68 0 106.21150789 -92.37694962
69 0 115.58141766 -110.63876306
70 0 110.63319728 -115.58674517
71 0 92.37183505 -106.21595605
72 0 88.57500926 -106.25279589
73 0 85.50990157 -108.73474897
74 0 84.68428383 -112.44090583
75 0 90.05259408 -132.25176861
76 0 84.18376085 -136.06283258
77 0 68.26974982 -123.10006698
78 0 64.54823435 -122.34669731
79 0 61.03407955 -124.13714204
80 0 59.4559502 -127.59065489
81 0 60.58804001 -148.08473725
82 0 54.05509012 -150.59232129
83 0 41.18394892 -134.60411428
84 0 37.70039186 -133.09346097
85 0 33.89077538 -134.11414632
86 0 31.62910624 -137.16408009
87 0 28.47549786 -157.44569229
88 0 21.56395257 -158.54020294
89 0 12.29821184 -140.22531589
90 0 9.20486133 -138.02340174
91 0 5.2662817 -138.22971886
92 0 2.41991857 -140.74277681
93 0 -4.88156018 -159.92551507
94 0 -11.86963319 -159.55911697
95 0 -17.12501612 -139.71799831
96 0 -19.6929658 -136.92105754
97 0 -23.58837376 -136.30398939
98 0 -26.89503115 -138.17033882
99 0 -38.02527062 -155.41582543
100 0 -44.78445902 -153.60453193
101 0 -45.7997987 -133.10433377
102 0 -47.73011583 -129.83460611
103 0 -51.4121041 -128.42112152
104 0 -55.03453896 -129.55919401
105 0 -69.50709427 -144.11371845
106 0 -75.7419891 -140.93669177
107 0 -72.4729103 -120.67337114
108 0 -73.68123076 -117.07375937
109 0 -76.98887879 -114.9256344
110 0 -80.76877332 -115.28569072
111 0 -97.95112437 -126.51315044
112 0 -103.38923079 -122.10924189
113 0 -95.97860796 -102.96840314
114 0 -96.41212235 -99.19622757
115 0 -99.20087004 -96.40734559
116 0 -102.97302473 -95.97364955
117 0 -122.11422031 -103.38335068
118 0 -126.51786699 -97.9450322
119 0 -115.28957989 -80.76322182
120 0 -114.92934156 -76.98334462
121 0 -117.07730725 -73.67559316
122 0 -120.67686083 -72.46709936
123 0 -140.94033885 -75.73520241
124 0 -144.1170653 -69.50015461
125 0 -129.56184397 -55.02830016
126 0 -128.42359704 -51.40592011
127 0 -129.83690433 -47.72386378
128 0 -133.10653904 -45.7933892
129 0 -153.60668828 -44.77706237
130 0 -155.4176563 -38.01778676
131 0 -138.17163375 -26.88837773
132 0 -136.30512509 -23.58181022
133 0 -136.92200567 -19.68637254
134 0 -139.71882278 -17.11828818
135 0 -159.55968835 -11.86194984
136 0 -159.92574995 -4.8738592
137 0 -140.74266012 2.42669583
138 0 -138.22946511 5.27293794
139 0 -138.02295833 9.21150764
140 0 -140.22472352 12.30496417
141 0 -158.53916438 21.57158681
142 0 -157.44432091 28.4830794
143 0 -137.16255688 31.63571114
144 0 -134.11251421 33.89723341
145 0 -133.09164541 37.70680073
146 0 -134.60213097 41.19043054
147 0 -150.58971817 54.06234161
148 0 -148.08181955 60.59517074
149 0 -127.58779173 59.46209407
150 0 -124.13420289 61.04005712
151 0 -122.34358894 64.5541257
152 0 -123.0967794 68.27567745
153 0 -136.05877867 84.19031266
154 0 -132.2474321 90.05896236
155 0 -112.43682785 84.68969816
156 0 -108.73063124 85.51513743
157 0 -106.24853056 88.58012561
158 0 -106.21150789 92.37694962
159 0 -115.58141766 110.63876306
160 0 -110.63319728 115.58674517
161 0 -92.37183505 106.21595605
162 0 -88.57500926 106.25279589
163 0 -85.50990157 108.73474897
164 0 -84.68428383 112.44090583
165 0 -90.05259408 132.25176861
166 0 -84.18376085 136.06283258
167 0 -68.26974982 123.10006698
168 0 -64.54823435 122.34669731
169 0 -61.03407955 124.13714204
170 0 -59.4559502 127.59065489
171 0 -60.58804001 148.08473725
172 0 -54.05509012 150.59232129
173 0 -41.18394892 134.60411428
174 0 -37.70039186 133.09346097
175 0 -33.89077538 134.11414632
176 0 -31.62910624 137.16408010
177 0 -28.47549786 157.44569229
178 0 -21.56395257 158.54020294
179 0 -12.29821184 140.22531589
180 0 -9.20486133 138.02340174
Faces:
1 2. 2 3. 3 4. 4 5. 5 6. 6 7. 7 8. 8 9. 9 10. 180 1.
10 11. 11 12. 12 13. 13 14. 14 15. 15 16. 16 17. 17 18. 18 19. 19 20. 
20 21. 21 22. 22 23. 23 24. 24 25. 25 26. 26 27. 27 28. 28 29. 29 30.
30 31. 31 32. 32 33. 33 34. 34 35. 35 36. 36 37. 37 38. 38 39. 39 40.
40 41. 41 42. 42 43. 43 44. 44 45. 45 46. 46 47. 47 48. 48 49. 49 50.
50 51. 51 52. 52 53. 53 54. 54 55. 55 56. 56 57. 57 58. 58 59. 59 60.
60 61. 61 62. 62 63. 63 64. 64 65. 65 66. 66 67. 67 68. 68 69. 69 70.
70 71. 71 72. 72 73. 73 74. 74 75. 75 76. 76 77. 77 78. 78 79. 79 80.
80 81. 81 82. 82 83. 83 84. 84 85. 85 86. 86 87. 87 88. 88 89. 89 90.
90 91. 91 92. 92 93. 93 94. 94 95. 95 96. 96 97. 97 98. 98 99. 99 100.
100 101. 101 102. 102 103. 103 104. 104 105. 105 106. 106 107. 107 108. 108 109. 109 110.
110 111. 111 112. 112 113. 113 114. 114 115. 115 116. 116 117. 117 118. 118 119. 119 120.
120 121. 121 122. 122 123. 123 124. 124 125. 125 126. 126 127. 127 128. 128 129. 129 130.
130 131. 131 132. 132 133. 133 134. 134 135. 135 136. 136 137. 137 138. 138 139. 139 140.
140 141. 141 142. 142 143. 143 144. 144 145. 145 146. 146 147. 147 148. 148 149. 149 150.
150 151. 151 152. 152 153. 153 154. 154 155. 155 156. 156 157. 157 158. 158 159. 159 160.
160 161. 161 162. 162 163. 163 164. 164 165. 165 166. 166 167. 167 168. 168 169. 169 170.
170 171. 171 172. 172 173. 173 174. 174 175. 175 176. 176 177. 177 178. 178 179. 179 180.