1 0 -335.2662817 153.9297188599999  
2 0 -332.41991857 156.4427768099999
3 0 -325.11843982 175.6255150700001 
4 0 -318.13036681 175.2591169700002
5 0 -312.8749838799999 155.41799831
6 0 -310.3070342 152.62105754
7 0 -306.41162623 152.003989389
8 0 -303.10496885 153.87033822
9 0 -291.97472938 171.11582543
10 0 -285.21554098 169.3045319299999
11 0 -284.2002013 148.8043337699999 
12 0 -282.26988417 145.53460611 
13 0 -278.5878959 144.1211215199999
14 0 -274.96546104 145.2591940099999
15 0 -260.49290573 159.81371845
16 0 -254.2580109 156.6366917699999
17 0 -257.5270897 136.37337114
18 0 -256.31876924 132.7737593699999
19 0 -253.01112121 130.6256344
20 0 -249.23122668 130.9856907199999
21 0 -232.04887563 142.21315044
22 0 -226.61076921 137.80924189
23 0 -234.02139204 118.66840314
24 0 -233.58787765 114.89622757
25 0 -230.79912996 112.10734559
26 0 -277.02697527 111.67364955
27 0 -207.88577969 119.08335068
28 0 -203.48213301 113.6450322
29 0 -214.71042011 96.46322182
30 0 -215.07065844 92.68334462
31 0 -212.92269275 89.3755931599999
32 0 -209.32313917 88.16709937
33 0 -189.05966115 91.4352024099999
34 0 -185.8829347 85.20015461
35 0 -200.43815603 70.7283001599999
36 0 -201.57640296 67.10592011 
37 0 -200.16309567 63.42386378
38 0 -196.89346096 61.4933892
39 0 -176.39331172 60.4770623699999
40 0 -174.5823437 53.71778676
41 0 -191.82836625 42.58837773
42 0 -193.69487491 39.2818102199999
43 0 -193.07799433 35.38637254
44 0 -190.28117722 32.81828818
45 0 -170.44031165 27.56194984
46 0 -170.07425005 20.5738592
47 0 -189.25733988 13.27330417
48 0 -191.77053489 10.42706206
49 0 -191.97704167 6.48849236
50 0 -189.77527648 3.3950358299999
51 0 -171.46083562 -5.87158681
52 0 -172.55567909 -12.7839794000001
53 0 -192.83744312 -15.93571114
54 0 -195.88748579 -18.19723341
55 0 -196.90835459 -22.00680073
56 0 -195.39786903 -25.49043054
57 0 -179.41028183 -38.36234161
58 0 -181.91818045 -44.89517074
59 0 -202.41220827 -43.76209407
60 0 -205.86579711 -45.34005712
61 0 -207.65641106 -48.8541257000001
62 0 -206.9032206 -52.57567744
63 0 -193.94122133 -68.49031266
64 0 -197.7525679 -74.35896236
65 0 -217.56317215 -68.98969816
66 0 -211.26936876 -69.81513743
67 0 -223.75146944 -72.88012561000001
68 0 -223.78849211 -76.67694962000001
69 0 -214.418582234 -94.93876306
70 0 -219.36680272 -99.88674517
71 0 -237.62816495 -90.51595605000001
72 0 -241.42499074 -90.55279589
73 0 -244.49009843 -93.03474897000001
74 0 -245.31571617 -96.74090583
75 0 -239.94740592 -116.55176861
76 0 -245.81623915 -120.36283258
77 0 -261.73025018 -107.40006698
78 0 -265.45176565 -106.64669731
79 0 -268.96592045 -108.46714204
80 0 -270.5440498 -111.89065489
81 0 -269.41195999 -132.38473725
82 0 -275.9449088 -134.89232129
83 0 -288.81605108 -118.90411428
84 0 -292.29960814 -117.39346097
85 0 -296.10922462 -118.41414632
86 0 -298.37089376 -121.46408009
87 0 -301.52450214 -141.74569229000001
88 0 -308.43604743 -142.84020294
89 0 -317.70178816 -124.52531589
90 0 -320.795113867 -122.32340174
91 0 -324.7337183 -122.52971886
92 0 -327.58008143 -125.04277681
93 0 -334.88156018 -144.2251507
94 0 -341.86963319 -143.85911687
95 0 -347.12501612 -124.01799831000001
96 0 -349.6929658 -121.22105754
97 0 -353.58837376 -120.60398939
98 0 -356.89503115 -122.47033882000001
99 0 -368.02527062 -139.71582543000001
100 0 -374.78445902 -137.90453193
101 0 -375.7997987 -117.40433377000001
102 0 -377.7997987 -114.13460611
103 0 -381.4121041 -112.72112152000001
104 0 -385.03453896 -118.0204605950347
105 0 -399.50709427 -132.5749850350347
106 0 -405.7419891 -125.23669177
107 0 -402.4729103 -104.97337114
108 0 -403.68123076 -101.37375937
109 0 -406.98887879 -99.2256344
110 0 -410.76877332 -99.58569072000001
111 0 -427.95112437 -110.81315044
112 0 -433.38923079 -106.40924189
113 0 -425.38923079 -87.26840314
114 0 -426.41212235 -83.49622757
115 0 -429.20087004 -80.70734559
116 0 -432.97302473 -80.27364955000001
117 0 -452.11422031 -87.68335068
118 0 -456.51786699 -82.2450322
119 0 -445.28957989 -65.06322182
120 0 -444.92934156 -61.28334462
121 0 -447.07730725 -57.97559316
122 0 -450.67686083 -56.76709936
123 0 -470.94033885 -60.03520241
124 0 -474.1170653 -53.80015461
125 0 -459.56184397 -39.32830016
126 0 -458.42359704 -35.70592011
127 0 -459.83690433 -32.02386378000001
128 0 -463.10653904 -30.0933892
129 0 -483.60668828 -29.07706237
130 0 -485.4176563 -22.31778676
131 0 -468.17163375 -11.18837773
132 0 -466.30512509 -7.88181022
133 0 -466.92200567 -3.98637254
134 0 -469.71882278 -1.41828818
135 0 -489.55968835 3.83805016
136 0 -489.92574995 10.8261408
137 0 -470.74266012 18.12669583
138 0 -468.22946511 20.97293794
139 0 -468.02295833 24.91150764
140 0 -470.22472352 28.0049641699999
141 0 -158.53916438 21.57158681
142 0 -157.44432091 28.4830794
143 0 -137.16255688 31.63571114
144 0 -134.11251421 33.89723341
145 0 -133.09164541 37.70680073
146 0 -134.60213097 41.19043054
147 0 -150.58971817 54.06234161
148 0 -148.08181955 60.59517074
149 0 -127.58779173 59.46209407
150 0 -124.13420289 61.04005712
151 0 -122.34358894 64.5541257
152 0 -123.0967794 68.27567745
153 0 -136.05877867 84.19031266
154 0 -132.2474321 90.05896236
155 0 -112.43682785 84.68969816
156 0 -108.73063124 85.51513743
157 0 -106.24853056 88.58012561
158 0 -106.21150789 92.37694962
159 0 -115.58141766 110.63876306
160 0 -110.63319728 115.58674517
161 0 -92.37183505 106.21595605
162 0 -88.57500926 106.25279589
163 0 -85.50990157 108.73474897
164 0 -84.68428383 112.44090583
165 0 -90.05259408 132.25176861
166 0 -84.18376085 136.06283258
167 0 -68.26974982 123.10006698
168 0 -64.54823435 122.34669731
169 0 -61.03407955 124.13714204
170 0 -59.4559502 127.59065489
171 0 -60.58804001 148.08473725
172 0 -54.05509012 150.59232129
173 0 -41.18394892 134.60411428
174 0 -37.70039186 133.09346097
175 0 -33.89077538 134.11414632
176 0 -31.62910624 137.16408010
177 0 -28.47549786 157.44569229
178 0 -21.56395257 158.54020294
179 0 -12.29821184 140.22531589
180 0 -9.20486133 138.02340174
181 20 -5.2662817 138.22971886   
182 20 -2.41991857 140.74277681 
183 20 4.88156018 159.92551507 
184 20 11.86963319 159.55911697 
185 20 17.12501612 139.71799831 
186 20 19.6929658 136.92105754 
187 20 23.58837377 136.30398939 
188 20 26.89503115 138.17033882 
189 20 38.02527062 155.41582543 
190 20 44.78445902 153.60453193 
191 20 45.7997987 133.10433377 
192 20 47.73011583 129.83460611 
193 20 51.4121041 128.42112152 
194 20 55.03453896 129.55919401 
195 20 69.50709427 144.11371845 
196 20 75.7419891 140.93669177 
197 20 72.4729103 120.67337114 
198 20 73.68123076 117.07375937 
199 20 76.98887879 114.9256344 
200 20 80.76877332 115.28569072 
201 20 97.95112437 126.51315044 
202 20 103.38923079 122.10924189 
203 20 95.97860796 102.96840314 
204 20 96.41212235 99.19622757
205 20 99.20087004 96.40734559
206 20 102.97302473 95.97364955
207 20 122.11422031 103.38335068
208 20 126.51786699 97.9450322
209 20 115.28957989 80.76322182
210 20 114.92934156 76.98334462
211 20 117.07730725 73.67559316
212 20 120.67686083 72.46709937
213 20 140.94033885 75.73520241
214 20 144.1170653 69.50015461
215 20 129.56184397 55.02830016
216 20 128.42359704 51.40592011
217 20 129.83690433 47.72386378
218 20 133.10653904 45.7933892
219 20 153.60668828 44.77706237
220 20 155.4176563 38.01778676
221 20 138.17163375 26.88837773
222 20 136.30512509 23.58181022
223 20 136.92200567 19.68637254
224 20 139.71882278 17.11828818
225 20 159.55968835 11.86194984
226 20 159.92574995 4.8738592
227 20 140.74266012 -2.42669583
228 20 138.22946511 -5.27293794
229 20 138.02295833 -9.21150764
230 20 140.22472352 -12.30496417
231 20 158.53916438 -21.57158681
232 20 157.44432091 -28.4830794
233 20 137.16255688 -31.63571114
234 20 134.11251421 -33.89723341
235 20 133.09164541 -37.70680073
236 20 134.60213097 -41.19043054
237 20 150.58971817 -54.06234161
238 20 148.08181955 -60.59517074
239 20 127.58779173 -59.46209407
240 20 124.13420289 -61.04005712
241 20 122.34358894 -64.5541257
242 20 123.0967794 -68.27567744
243 20 136.05877867 -84.19031266
244 20 132.2474321 -90.05896236
245 20 112.43682785 -84.68969816
246 20 108.73063124 -85.51513743
247 20 106.24853056 -88.58012561
248 20 106.21150789 -92.37694962
249 20 115.58141766 -110.63876306
250 20 110.63319728 -115.58674517
251 20 92.37183505 -106.21595605
252 20 88.57500926 -106.25279589
253 20 85.50990157 -108.73474897
254 20 84.68428383 -112.44090583
255 20 90.05259408 -132.25176861
256 20 84.18376085 -136.06283258
257 20 68.26974982 -123.10006698
258 20 64.54823435 -122.34669731
259 20 61.03407955 -124.13714204
260 20 59.4559502 -127.59065489
261 20 60.58804001 -148.08473725
262 20 54.05509012 -150.59232129
263 20 41.18394892 -134.60411428
264 20 37.70039186 -133.09346097
265 20 33.89077538 -134.11414632
266 20 31.62910624 -137.16408009
267 20 28.47549786 -157.44569229
268 20 21.56395257 -158.54020294
269 20 12.29821184 -140.22531589
270 20 9.20486133 -138.02340174
271 20 5.2662817 -138.22971886
272 20 2.41991857 -140.74277681
273 20 -4.88156018 -159.92551507
274 20 -11.86963319 -159.55911697
275 20 -17.12501612 -139.71799831
276 20 -19.6929658 -136.92105754
277 20 -23.58837376 -136.30398939
278 20 -26.89503115 -138.17033882
279 20 -38.02527062 -155.41582543
280 20 -44.78445902 -153.60453193
281 20 -45.7997987 -133.10433377
282 20 -47.73011583 -129.83460611
283 20 -51.4121041 -128.42112152
284 20 -55.03453896 -129.55919401
285 20 -69.50709427 -144.11371845
286 20 -75.7419891 -140.93669177
287 20 -72.4729103 -120.67337114
288 20 -73.68123076 -117.07375937
289 20 -76.98887879 -114.9256344
290 20 -80.76877332 -115.28569072
291 20 -97.95112437 -126.51315044
292 20 -103.38923079 -122.10924189
293 20 -95.97860796 -102.96840314
294 20 -96.41212235 -99.19622757
295 20 -99.20087004 -96.40734559
296 20 -102.97302473 -95.97364955
297 20 -122.11422031 -103.38335068
298 20 -126.51786699 -97.9450322
299 20 -115.28957989 -80.76322182
300 20 -114.92934156 -76.98334462
301 20 -117.07730725 -73.67559316
302 20 -120.67686083 -72.46709936
303 20 -140.94033885 -75.73520241
304 20 -144.1170653 -69.50015461
305 20 -129.56184397 -55.02830016
306 20 -128.42359704 -51.40592011
307 20 -129.83690433 -47.72386378
308 20 -133.10653904 -45.7933892
309 20 -153.60668828 -44.77706237
310 20 -155.4176563 -38.01778676
311 20 -138.17163375 -26.88837773
312 20 -136.30512509 -23.58181022
313 20 -136.92200567 -19.68637254
314 20 -139.71882278 -17.11828818
315 20 -159.55968835 -11.86194984
316 20 -159.92574995 -4.8738592
317 20 -140.74266012 2.42669583
318 20 -138.22946511 5.27293794
319 20 -138.02295833 9.21150764
320 20 -140.22472352 12.30496417
321 20 -158.53916438 21.57158681
322 20 -157.44432091 28.4830794
323 20 -137.16255688 31.63571114
324 20 -134.11251421 33.89723341
325 20 -133.09164541 37.70680073
326 20 -134.60213097 41.19043054
327 20 -150.58971817 54.06234161
328 20 -148.08181955 60.59517074
329 20 -127.58779173 59.46209407
330 20 -124.13420289 61.04005712
331 20 -122.34358894 64.5541257
332 20 -123.0967794 68.27567745
333 20 -136.05877867 84.19031266
334 20 -132.2474321 90.05896236
335 20 -112.43682785 84.68969816
336 20 -108.73063124 85.51513743
337 20 -106.24853056 88.58012561
338 20 -106.21150789 92.37694962
339 20 -115.58141766 110.63876306
340 20 -110.63319728 115.58674517
341 20 -92.37183505 106.21595605
342 20 -88.57500926 106.25279589
343 20 -85.50990157 108.73474897
344 20 -84.68428383 112.44090583
345 20 -90.05259408 132.25176861
346 20 -84.18376085 136.06283258
347 20 -68.26974982 123.10006698
348 20 -64.54823435 122.34669731
349 20 -61.03407955 124.13714204
350 20 -59.4559502 127.59065489
351 20 -60.58804001 148.08473725
352 20 -54.05509012 150.59232129
353 20 -41.18394892 134.60411428
354 20 -37.70039186 133.09346097
355 20 -33.89077538 134.11414632
356 20 -31.62910624 137.16408010
357 20 -28.47549786 157.44569229
358 20 -21.56395257 158.54020294
359 20 -12.29821184 140.22531589
360 20 -9.20486133 138.02340174
361 20 0 0
362 0 0 0
800 0 -5.43416165 168.24226219
801 0 -2.5859301 170.66929295  
802 0 4.6611714 189.94281635 
803 0 11.91646708 189.62594182 
804 0 17.45563925 169.79397884
805 0 20.08142832 167.12787062
806 0 23.86335771 166.62991646
807 0 27.08976769 168.52548495
808 0 37.57358166 186.24775425
809 0 44.6636284 184.67582489
810 0 46.67486387 164.18328683
811 0 48.79779647 161.10171929
812 0 52.43580102 159.95460503
813 0 55.9423566 161.26111537
814 0 69.34433764 176.89364838
815 0 76.05370798 174.11442646
816 0 74.47589637 153.58396873
817 0 76.03146827 150.18057375
818 0 79.41500906 148.41915387
819 0 83.09516531 149.09690839
820 0 99.00810102 162.16471852
821 0 105.13293412 158.2626493
822 0 100.01401645 138.31807946 
823 0 100.95496238 134.69626748
824 0 103.98123223 132.37406183
825 0 107.72316948 132.40246731
826 0 125.66355335 142.50849575
827 0 131.01774927 137.60214162
828 0 122.51326125 118.84946533
829 0 122.81099104 115.11928327
830 0 125.38803827 112.3068509
831 0 129.07805965 111.68504425 
832 0 148.5007822 118.52222444  
833 0 152.92165639 112.76066249 
834 0 141.29000259 95.76967035
835 0 140.93546988 92.04445789 
836 0 142.98499222 88.82725313
837 0 146.51097829 87.57412764
838 0 166.82588992 90.93471533
839 0 170.17911637 84.4930077
840 0 155.77371871 69.77996239
841 0 154.77769579 66.17290824 
842 0 156.23741954 62.64868423 
843 0 159.492235 60.80231547 
844 0 180.0820774 60.5842009
845 0 182.26577002 53.65807562
846 0 165.52432921 41.67002558
847 0 163.91707974 38.29072826
848 0 164.74265192 34.56656676
849 0 167.62740085 32.18305572
850 0 187.86656209 28.39286618
851 0 188.81437047 21.19277007
852 0 170.24556672 12.29396613  
853 0 168.07592616 9.24510387  
854 0 168.24226219 5.43416165
855 0 170.66929295 2.5859301
856 0 189.94281635 -4.6611714
857 0 189.62594182 -11.91646708
858 0 169.79397884 -17.45563925
859 0 167.12787062 -20.08142832
860 0 166.62991646 -23.86335771
861 0 168.52548495 -27.08976769 
862 0 186.24775425 -37.57358166 
863 0 184.67582489 -44.6636284 
864 0 164.18328683 -46.67486387 
865 0 161.10171929 -48.79779647
866 0 159.95460503 -52.43580102
867 0 161.26111537 -55.9423566
868 0 176.89364838 -69.34433764
869 0 174.11442646 -76.05370798
870 0 153.58396873 -74.47589637
871 0 150.18057375 -76.03146827  
872 0 148.41915387 -79.41500906
873 0 149.09690839 -83.09516531 
874 0 162.16471852 -99.00810102
875 0 158.2626493 -105.13293412
876 0 138.31807946 -100.01401645
877 0 134.69626748 -100.95496238
878 0 132.37406183 -103.98123223
879 0 132.40246731 -107.72316948
880 0 142.50849575 -125.66355335
881 0 137.60214162 -131.01774927 
882 0 118.84946533 -122.51326125 
883 0 115.11928327 -122.81099104 
884 0 112.3068509 -125.38803827
885 0 111.68504425 -129.07805965
886 0 118.52222444 -148.5007822
887 0 112.76066249 -152.92165639
888 0 95.76967035 -141.29000259
889 0 92.04445789 -140.93546988
890 0 88.82725313 -142.98499222
891 0 87.57412764 -146.51097829
892 0 90.93471533 -166.82588992 
893 0 84.4930077 -170.17911637 
894 0 69.77996239 -155.77371871
895 0 66.17290824 -154.77769579
896 0 62.64868423 -156.23741954
897 0 60.80231547 -159.492235
898 0 60.5842009 -180.0820774
899 0 53.65807562 -182.26577002
900 0 41.67002558 -165.52432921 
901 0 38.29072826 -163.91707974 
902 0 34.56656676 -164.74265192 
903 0 32.18305572 -167.62740085 
904 0 28.39286618 -187.86656209
905 0 21.19277007 -188.81437047
906 0 12.29396613 -170.24556672
907 0 9.24510387 -168.07592616
908 0 5.43416165 -168.24226219
909 0 2.5859301 -170.66929295
910 0 -4.6611714 -189.94281635
911 0 -11.91646708 -189.62594182
912 0 -17.45563925 -169.79397884 
913 0 -20.08142832 -167.12787062 
914 0 -23.86335771 -166.62991646
915 0 -27.08976769 -168.52548495
916 0 -37.57358166 -186.24775425
917 0 -44.6636284 -184.67582489
918 0 -46.67486387 -164.18328683
919 0 -48.79779647 -161.10171929
920 0 -52.43580102 -159.95460503
921 0 -55.9423566 -161.26111537 
922 0 -69.34433764 -176.89364838
923 0 -76.05370798 -174.11442646 
924 0 -74.47589637 -153.58396873
925 0 -76.03146827 -150.18057375
926 0 -79.41500906 -148.41915387
927 0 -83.09516531 -149.09690839
928 0 -99.00810102 -162.16471852 
929 0 -105.13293412 -158.2626493
930 0 -100.01401645 -138.31807946
931 0 -100.95496238 -134.69626747
932 0 -103.98123223 -132.37406183 
933 0 -107.72316948 -132.40246731 
934 0 -125.66355335 -142.50849575
935 0 -131.01774927 -137.60214162 
936 0 -122.51326125 -118.84946533
937 0 -122.81099104 -115.11928327
938 0 -125.38803827 -112.3068509
939 0 -129.07805965 -111.68504425 
940 0 -148.5007822 -118.52222444
941 0 -152.92165639 -112.76066249 
942 0 -141.29000259 -95.76967034 
943 0 -140.93546988 -92.04445789 
944 0 -142.98499222 -88.82725313
945 0 -146.51097829 -87.57412764
946 0 -166.82588992 -90.93471532
947 0 -170.17911637 -84.4930077
948 0 -155.77371871 -69.77996239
949 0 -154.77769579 -66.17290824
950 0 -156.23741954 -62.64868423
951 0 -159.492235 -60.80231547 
952 0 -180.0820774 -60.5842009 
953 0 -182.26577002 -53.65807562 
954 0 -165.52432921 -41.67002558
955 0 -163.91707974 -38.29072826
956 0 -164.74265192 -34.56656676
957 0 -167.62740085 -32.18305572
958 0 -187.86656209 -28.39286618
959 0 -188.81437047 -21.19277007
960 0 -170.24556672 -12.29396613
961 0 -168.07592616 -9.24510387 
962 0 -168.24226219 -5.43416165 
963 0 -170.66929295 -2.5859301 
964 0 -189.94281635 4.6611714
965 0 -189.62594182 11.91646708
966 0 -169.79397884 17.45563925
967 0 -167.12787062 20.08142832
968 0 -166.62991646 23.86335771
969 0 -168.52548495 27.08976769
970 0 -186.24775425 37.57358166
971 0 -184.67582489 44.6636284 
972 0 -164.18328683 46.67486387 
973 0 -161.10171929 48.79779647 
974 0 -159.95460503 52.43580102
975 0 -161.26111537 55.9423566
976 0 -176.89364838 69.34433764
977 0 -174.11442646 76.05370798
978 0 -153.58396873 74.47589637
979 0 -150.18057375 76.03146827
980 0 -148.41915387 79.41500906
981 0 -149.09690839 83.09516531 
982 0 -162.16471852 99.00810102 
983 0 -158.2626493 105.13293412 
984 0 -138.31807946 100.01401645 
985 0 -134.69626747 100.95496238
986 0 -132.37406183 103.98123223
987 0 -132.40246731 107.72316948
988 0 -142.50849575 125.66355335
989 0 -137.60214162 131.01774927
990 0 -118.84946533 122.51326125
991 0 -115.11928327 122.81099104
992 0 -112.3068509 125.38803827 
993 0 -111.68504425 129.07805965 
994 0 -118.52222444 148.5007822
995 0 -112.76066249 152.92165639
996 0 -95.76967034 141.29000259
997 0 -92.04445789 140.93546988
998 0 -88.82725313 142.98499222
999 0 -87.57412764 146.51097829
1000 0 -90.93471532 166.82588992
1001 0 -84.4930077 170.17911637
1002 0 -69.77996239 155.77371871
1003 0 -66.17290824 154.77769579
1004 0 -62.64868423 156.23741954
1005 0 -60.80231547 159.492235
1006 0 -60.5842009 180.0820774
1007 0 -53.65807562 182.26577002
1008 0 -41.67002558 165.52432921
1009 0 -38.29072826 163.91707974
1010 0 -34.56656676 164.74265192
1011 0 -32.18305572 167.62740085
1012 0 -28.39286618 187.86656209
1013 0 -21.19277007 188.81437047
1014 0 -12.29396613 170.24556672
1015 0 -9.24510387 168.07592616
1020 20 -5.43416165 168.24226219
1021 20 -2.5859301 170.66929295  
1022 20 4.6611714 189.94281635 
1023 20 11.91646708 189.62594182 
1024 20 17.45563925 169.79397884
1025 20 20.08142832 167.12787062
1026 20 23.86335771 166.62991646
1027 20 27.08976769 168.52548495
1028 20 37.57358166 186.24775425
1029 20 44.6636284 184.67582489
1030 20 46.67486387 164.18328683
1031 20 48.79779647 161.10171929
1032 20 52.43580102 159.95460503
1033 20 55.9423566 161.26111537
1034 20 69.34433764 176.89364838
1035 20 76.05370798 174.11442646
1036 20 74.47589637 153.58396873
1037 20 76.03146827 150.18057375
1038 20 79.41500906 148.41915387
1039 20 83.09516531 149.09690839
1040 20 99.00810102 162.16471852
1041 20 105.13293412 158.2626493
1042 20 100.01401645 138.31807946 
1043 20 100.95496238 134.69626748
1044 20 103.98123223 132.37406183
1045 20 107.72316948 132.40246731
1046 20 125.66355335 142.50849575
1047 20 131.01774927 137.60214162
1048 20 122.51326125 118.84946533
1049 20 122.81099104 115.11928327
1050 20 125.38803827 112.3068509
1051 20 129.07805965 111.68504425 
1052 20 148.5007822 118.52222444  
1053 20 152.92165639 112.76066249 
1054 20 141.29000259 95.76967035
1055 20 140.93546988 92.04445789 
1056 20 142.98499222 88.82725313
1057 20 146.51097829 87.57412764
1058 20 166.82588992 90.93471533
1059 20 170.17911637 84.4930077
1060 20 155.77371871 69.77996239
1061 20 154.77769579 66.17290824 
1062 20 156.23741954 62.64868423 
1063 20 159.492235 60.80231547 
1064 20 180.0820774 60.5842009
1065 20 182.26577002 53.65807562
1066 20 165.52432921 41.67002558
1067 20 163.91707974 38.29072826
1068 20 164.74265192 34.56656676
1069 20 167.62740085 32.18305572
1070 20 187.86656209 28.39286618
1071 20 188.81437047 21.19277007
1072 20 170.24556672 12.29396613  
1073 20 168.07592616 9.24510387  
1074 20 168.24226219 5.43416165
1075 20 170.66929295 2.5859301
1076 20 189.94281635 -4.6611714
1077 20 189.62594182 -11.91646708
1078 20 169.79397884 -17.45563925
1079 20 167.12787062 -20.08142832
1080 20 166.62991646 -23.86335771
1081 20 168.52548495 -27.08976769 
1082 20 186.24775425 -37.57358166 
1083 20 184.67582489 -44.6636284 
1084 20 164.18328683 -46.67486387 
1085 20 161.10171929 -48.79779647
1086 20 159.95460503 -52.43580102
1087 20 161.26111537 -55.9423566
1088 20 176.89364838 -69.34433764
1089 20 174.11442646 -76.05370798
1090 20 153.58396873 -74.47589637
1091 20 150.18057375 -76.03146827  
1092 20 148.41915387 -79.41500906
1093 20 149.09690839 -83.09516531 
1094 20 162.16471852 -99.00810102
1095 20 158.2626493 -105.13293412
1096 20 138.31807946 -100.01401645
1097 20 134.69626748 -100.95496238
1098 20 132.37406183 -103.98123223
1099 20 132.40246731 -107.72316948
1100 20 142.50849575 -125.66355335
1101 20 137.60214162 -131.01774927 
1102 20 118.84946533 -122.51326125 
1103 20 115.11928327 -122.81099104 
1104 20 112.3068509 -125.38803827
1105 20 111.68504425 -129.07805965
1106 20 118.52222444 -148.5007822
1107 20 112.76066249 -152.92165639
1108 20 95.76967035 -141.29000259
1109 20 92.04445789 -140.93546988
1110 20 88.82725313 -142.98499222
1111 20 87.57412764 -146.51097829
1112 20 90.93471533 -166.82588992 
1113 20 84.4930077 -170.17911637 
1114 20 69.77996239 -155.77371871
1115 20 66.17290824 -154.77769579
1116 20 62.64868423 -156.23741954
1117 20 60.80231547 -159.492235
1118 20 60.5842009 -180.0820774
1119 20 53.65807562 -182.26577002
1120 20 41.67002558 -165.52432921 
1121 20 38.29072826 -163.91707974 
1122 20 34.56656676 -164.74265192 
1123 20 32.18305572 -167.62740085 
1124 20 28.39286618 -187.86656209
1125 20 21.19277007 -188.81437047
1126 20 12.29396613 -170.24556672
1127 20 9.24510387 -168.07592616
1128 20 5.43416165 -168.24226219
1129 20 2.5859301 -170.66929295
1130 20 -4.6611714 -189.94281635
1131 20 -11.91646708 -189.62594182
1132 20 -17.45563925 -169.79397884 
1133 20 -20.08142832 -167.12787062 
1134 20 -23.86335771 -166.62991646
1135 20 -27.08976769 -168.52548495
1136 20 -37.57358166 -186.24775425
1137 20 -44.6636284 -184.67582489
1138 20 -46.67486387 -164.18328683
1139 20 -48.79779647 -161.10171929
1140 20 -52.43580102 -159.95460503
1141 20 -55.9423566 -161.26111537 
1142 20 -69.34433764 -176.89364838
1143 20 -76.05370798 -174.11442646 
1144 20 -74.47589637 -153.58396873
1145 20 -76.03146827 -150.18057375
1146 20 -79.41500906 -148.41915387
1147 20 -83.09516531 -149.09690839
1148 20 -99.00810102 -162.16471852 
1149 20 -105.13293412 -158.2626493
1150 20 -100.01401645 -138.31807946
1151 20 -100.95496238 -134.69626747
1152 20 -103.98123223 -132.37406183 
1153 20 -107.72316948 -132.40246731 
1154 20 -125.66355335 -142.50849575
1155 20 -131.01774927 -137.60214162 
1156 20 -122.51326125 -118.84946533
1157 20 -122.81099104 -115.11928327
1158 20 -125.38803827 -112.3068509
1159 20 -129.07805965 -111.68504425 
1160 20 -148.5007822 -118.52222444
1161 20 -152.92165639 -112.76066249 
1162 20 -141.29000259 -95.76967034 
1163 20 -140.93546988 -92.04445789 
1164 20 -142.98499222 -88.82725313
1165 20 -146.51097829 -87.57412764
1166 20 -166.82588992 -90.93471532
1167 20 -170.17911637 -84.4930077
1168 20 -155.77371871 -69.77996239
1169 20 -154.77769579 -66.17290824
1170 20 -156.23741954 -62.64868423
1171 20 -159.492235 -60.80231547 
1172 20 -180.0820774 -60.5842009 
1173 20 -182.26577002 -53.65807562 
1174 20 -165.52432921 -41.67002558
1175 20 -163.91707974 -38.29072826
1176 20 -164.74265192 -34.56656676
1177 20 -167.62740085 -32.18305572
1178 20 -187.86656209 -28.39286618
1179 20 -188.81437047 -21.19277007
1180 20 -170.24556672 -12.29396613
1181 20 -168.07592616 -9.24510387 
1182 20 -168.24226219 -5.43416165 
1183 20 -170.66929295 -2.5859301 
1184 20 -189.94281635 4.6611714
1185 20 -189.62594182 11.91646708
1186 20 -169.79397884 17.45563925
1187 20 -167.12787062 20.08142832
1188 20 -166.62991646 23.86335771
1189 20 -168.52548495 27.08976769
1190 20 -186.24775425 37.57358166
1191 20 -184.67582489 44.6636284 
1192 20 -164.18328683 46.67486387 
1193 20 -161.10171929 48.79779647 
1194 20 -159.95460503 52.43580102
1195 20 -161.26111537 55.9423566
1196 20 -176.89364838 69.34433764
1197 20 -174.11442646 76.05370798
1198 20 -153.58396873 74.47589637
1199 20 -150.18057375 76.03146827
1200 20 -148.41915387 79.41500906
1201 20 -149.09690839 83.09516531 
1202 20 -162.16471852 99.00810102 
1203 20 -158.2626493 105.13293412 
1204 20 -138.31807946 100.01401645 
1205 20 -134.69626747 100.95496238
1206 20 -132.37406183 103.98123223
1207 20 -132.40246731 107.72316948
1208 20 -142.50849575 125.66355335
1209 20 -137.60214162 131.01774927
1210 20 -118.84946533 122.51326125
1211 20 -115.11928327 122.81099104
1212 20 -112.3068509 125.38803827 
1213 20 -111.68504425 129.07805965 
1214 20 -118.52222444 148.5007822
1215 20 -112.76066249 152.92165639
1216 20 -95.76967034 141.29000259
1217 20 -92.04445789 140.93546988
1218 20 -88.82725313 142.98499222
1219 20 -87.57412764 146.51097829
1220 20 -90.93471532 166.82588992
1221 20 -84.4930077 170.17911637
1222 20 -69.77996239 155.77371871
1223 20 -66.17290824 154.77769579
1224 20 -62.64868423 156.23741954
1225 20 -60.80231547 159.492235
1226 20 -60.5842009 180.0820774
1227 20 -53.65807562 182.26577002
1228 20 -41.67002558 165.52432921
1229 20 -38.29072826 163.91707974
1230 20 -34.56656676 164.74265192
1231 20 -32.18305572 167.62740085
1232 20 -28.39286618 187.86656209
1233 20 -21.19277007 188.81437047
1234 20 -12.29396613 170.24556672
1235 20 -9.24510387 168.07592616 
1240 0 -2.90545089 89.95308975
1241 0 -1.36349659 89.98967095
1242 0 2.2079233 89.97291301
1243 0 5.6446423 89.82281455
1244 0 9.20392418 89.5281396
1245 0 10.73681785 89.35726463
1246 0 12.75887955 89.09102644
1247 0 14.28376036 88.85929434
1248 0 17.79801236 88.22262043
1249 0 21.15645556 87.47802232
1250 0 24.61049418 86.56976133
1251 0 26.09042763 86.13529814
1252 0 28.03553789 85.52197738
1253 0 29.49701247 85.02897303
1254 0 32.84731783 83.79172818
1255 0 36.02544062 82.47525464
1256 0 39.26928677 80.98100466
1257 0 40.65129296 80.29615421
1258 0 42.46035059 79.35438632
1259 0 43.81401279 78.61508941
1260 0 46.89857417 76.81486667
1261 0 49.7998109 74.96651809
1262 0 52.73490195 72.93168115
1263 0 53.97698933 72.01725226
1264 0 55.59502703 70.77565238
1265 0 56.7997465 69.81252608
1266 0 59.52484106 67.5040243
1267 0 62.06103913 65.17996182
1268 0 64.59819383 62.66636542
1269 0 65.66262219 61.55014254
1270 0 67.04047671 60.04643605
1271 0 68.05964865 58.88874447
1272 0 70.34247578 56.14210632
1273 0 72.43657408 53.41294539
1274 0 74.49870227 50.49696388
1275 0 75.3531295 49.21286289
1276 0 76.44893542 47.49273916
1277 0 77.25159282 46.17565816
1278 0 79.02278996 43.07433884
1279 0 80.61116039 40.02300365
1280 0 82.13560534 36.79323764
1281 0 82.75407011 35.3802753
1282 0 83.53453192 33.49599941
1283 0 84.09628644 32.05954784
1284 0 85.30203666 28.69777937 
1285 0 86.33641738 25.41698319
1286 0 87.2768596 21.9715675
1287 0 87.64057017 20.47267595
1288 0 88.08197394 18.48150067
1289 0 88.38575694 16.96932438
1290 0 88.98942415 13.4492524
1291 0 89.43838601 10.03868056
1292 0 89.76625065 6.4823024
1293 0 89.86415585 4.9430247
1294 0 89.95308975 2.90545089
1295 0 89.98967095 1.36349659
1296 0 89.97291301 -2.2079233
1297 0 89.82281455 -5.6446423
1298 0 89.5281396 -9.20392418
1299 0 89.35726463 -10.73681785
1300 0 89.09102644 -12.75887955
1301 0 88.85929434 -14.28376035
1302 0 88.22262043 -17.79801236
1303 0 87.47802232 -21.15645556
1304 0 86.56976133 -24.61049418
1305 0 86.13529814 -26.09042763
1306 0 85.52197738 -28.03553789
1307 0 85.02897303 -29.49701247
1308 0 83.79172818 -32.84731783
1309 0 82.47525464 -36.02544062
1310 0 80.98100466 -39.26928677
1311 0 80.29615421 -40.65129296
1312 0 79.35438632 -42.46035059
1313 0 78.61508941 -43.81401279
1314 0 76.81486667 -46.89857417
1315 0 74.96651809 -49.7998109
1316 0 72.93168115 -52.73490195
1317 0 72.01725226 -53.97698933
1318 0 70.77565238 -55.59502703
1319 0 69.81252608 -56.7997465
1320 0 67.5040243 -59.52484106
1321 0 65.17996182 -62.06103913
1322 0 62.66636542 -64.59819383
1323 0 61.55014254 -65.66262219
1324 0 60.04643605 -67.04047671
1325 0 58.88874447 -68.05964865
1326 0 56.14210632 -70.34247578
1327 0 53.41294539 -72.43657408
1328 0 50.49696388 -74.49870227
1329 0 49.21286289 -75.3531295
1330 0 47.49273916 -76.44893542
1331 0 46.17565816 -77.25159282
1332 0 43.07433884 -79.02278996
1333 0 40.02300365 -80.61116039
1334 0 36.79323764 -82.13560534
1335 0 35.3802753 -82.75407011
1336 0 33.49599941 -83.53453192
1337 0 32.05954784 -84.09628644
1338 0 28.69777937 -85.30203666
1339 0 25.41698319 -86.33641738
1340 0 21.9715675 -87.2768596
1341 0 20.47267595 -87.64057017
1342 0 18.48150067 -88.08197394
1343 0 16.96932438 -88.38575694
1344 0 13.4492524 -88.98942415
1345 0 10.03868056 -89.43838601
1346 0 6.4823024 -89.76625065
1347 0 4.9430247 -89.86415585
1348 0 2.90545089 -89.95308975
1349 0 1.36349659 -89.98967095
1350 0 -2.2079233 -89.97291301
1351 0 -5.6446423 -89.82281455
1352 0 -9.20392418 -89.5281396
1353 0 -10.89424363 -89.33820826
1354 0 -12.80435644 -89.08450177
1355 0 -14.28376035 -88.85929434
1356 0 -17.79801236 -88.22262043
1357 0 -21.15645556 -87.47802232
1358 0 -24.61049418 -86.56976133
1359 0 -26.09042763 -86.13529814
1360 0 -28.03606101 -85.52180589
1361 0 -29.49717857 -85.02891542
1362 0 -32.84768149 -83.79158562
1363 0 -36.02797639 -82.47414696
1364 0 -39.27193199 -80.97972189
1365 0 -40.65404596 -80.2947604
1366 0 -42.46329372 -79.35281146
1367 0 -43.81714308 -78.61334474
1368 0 -46.90239957 -76.81253097
1369 0 -49.802045 -74.96503394
1370 0 -52.73706535 -72.93011681
1371 0 -53.98097272 -72.01426653
1372 0 -55.59912717 -70.77243148
1373 0 -56.80210172 -69.8106098
1374 0 -59.52975553 -67.49969042
1375 0 -62.06609502 -65.17514748
1376 0 -64.60283148 -62.66158445
1377 0 -65.66721732 -61.54524002
1378 0 -67.04510112 -60.0412726
1379 0 -68.064361 -58.88329782
1380 0 -70.34547465 -56.13834871
1381 0 -72.4417971 -53.4058614
1382 0 -74.50136058 -50.49304181
1383 0 -75.35572742 -49.20888481
1384 0 -76.45338812 -47.48557092
1385 0 -77.25606103 -46.16818205
1386 0 -79.02759428 -43.06552382
1387 0 -80.61383175 -40.01762276
1388 0 -82.13788275 -36.78815322
1389 0 -82.75782107 -35.37150055
1390 0 -83.5381376 -33.48700594
1391 0 -84.09983114 -32.05024809
1392 0 -85.30565501 -28.68702188
1393 0 -86.33969034 -25.40586295
1394 0 -87.27945194 -21.96126747
1395 0 -87.64296699 -20.4624128
1396 0 -88.08415943 -18.47108168
1397 0 -88.38781012 -16.95862676
1398 0 -88.99126368 -13.43707514
1399 0 -89.43977694 -10.02628054
1400 0 -89.7670668 -6.47099051
1401 0 -89.86477114 -4.931826
1402 0 -89.95345315 -2.89417802
1403 0 -89.98984447 -1.35199547
1404 0 -89.97259544 2.22082637
1405 0 -89.8200919 5.68780201
1406 0 -89.52769589 9.20823915
1407 0 -89.3566873 10.74162158
1408 0 -89.09041682 12.76313563
1409 0 -88.85859931 14.28808345
1410 0 -88.22152785 17.80342728
1411 0 -87.47802232 21.15645556
1412 0 -86.56976133 24.61049418
1413 0 -86.13529814 26.09042763
1414 0 -85.52197738 28.03553789
1415 0 -85.02897303 29.49701247
1416 0 -83.79172818 32.84731783
1417 0 -82.47525464 36.02544062
1418 0 -80.98100466 39.26928677
1419 0 -80.29310542 40.65731449
1420 0 -79.36465718 42.44114973
1421 0 -78.6129874 43.81778419
1422 0 -76.79390341 46.9328925
1423 0 -74.94462314 49.83275492
1424 0 -72.93528494 52.7299176
1425 0 -71.99684698 54.00420378
1426 0 -70.84123288 55.51143777
1427 0 -69.80851445 56.80467683
1428 0 -67.47971551 59.55239705
1429 0 -65.19564719 62.04456131
1430 0 -62.64390758 64.61997248
1431 0 -61.52796218 65.68340635
1432 0 -60.0608396 67.02757304
1433 0 -58.86612668 68.07921217
1434 0 -56.14210631 70.34247578
1435 0 -53.38797628 72.45497904
1436 0 -50.47481458 74.51371078
1437 0 -49.19121447 75.36726358
1438 0 -47.47132887 76.46223209
1439 0 -46.21307203 77.2292171
1440 0 -43.05098512 79.03551531
1441 0 -40.0912392  80.57724579
1442 0 -36.86713136 82.10246418
1443 0 -35.4584227 82.72061569
1444 0 -33.4776363 83.54189289
1445 0 -32.04130654 84.1032382
1446 0 -28.81471733 85.26260649
1447 0 -25.54767407 86.29783514
1448 0 -21.95661401 87.28062271
1449 0 -20.45848616 87.64388367
1450 0 -18.46803177 88.08479893
1451 0 -16.95621004 88.38827378
1452 0 -13.43616624 88.99140092
1453 0 -10.02711038 89.43968391
1454 0 -6.47336855 89.76689534
1455 0 -4.93486225 89.86460446
1460 20 -2.90545089 89.95308975
1461 20 -1.36349659 89.98967095
1462 20 2.2079233 89.97291301
1463 20 5.6446423 89.82281455
1464 20 9.20392418 89.5281396
1465 20 10.73681785 89.35726463
1466 20 12.75887955 89.09102644
1467 20 14.28376036 88.85929434
1468 20 17.79801236 88.22262043
1469 20 21.15645556 87.47802232
1470 20 24.61049418 86.56976133
1471 20 26.09042763 86.13529814
1472 20 28.03553789 85.52197738
1473 20 29.49701247 85.02897303
1474 20 32.84731783 83.79172818
1475 20 36.02544062 82.47525464
1476 20 39.26928677 80.98100466
1477 20 40.65129296 80.29615421
1478 20 42.46035059 79.35438632
1479 20 43.81401279 78.61508941
1480 20 46.89857417 76.81486667
1481 20 49.7998109 74.96651809
1482 20 52.73490195 72.93168115
1483 20 53.97698933 72.01725226
1484 20 55.59502703 70.77565238
1485 20 56.7997465 69.81252608
1486 20 59.52484106 67.5040243
1487 20 62.06103913 65.17996182
1488 20 64.59819383 62.66636542
1489 20 65.66262219 61.55014254
1490 20 67.04047671 60.04643605
1491 20 68.05964865 58.88874447
1492 20 70.34247578 56.14210632
1493 20 72.43657408 53.41294539
1494 20 74.49870227 50.49696388
1495 20 75.3531295 49.21286289
1496 20 76.44893542 47.49273916
1497 20 77.25159282 46.17565816
1498 20 79.02278996 43.07433884
1499 20 80.61116039 40.02300365
1500 20 82.13560534 36.79323764
1501 20 82.75407011 35.3802753
1502 20 83.53453192 33.49599941
1503 20 84.09628644 32.05954784
1504 20 85.30203666 28.69777937 
1505 20 86.33641738 25.41698319
1506 20 87.2768596 21.9715675
1507 20 87.64057017 20.47267595
1508 20 88.08197394 18.48150067
1509 20 88.38575694 16.96932438
1510 20 88.98942415 13.4492524
1511 20 89.43838601 10.03868056
1512 20 89.76625065 6.4823024
1513 20 89.86415585 4.9430247
1514 20 89.95308975 2.90545089
1515 20 89.98967095 1.36349659
1516 20 89.97291301 -2.2079233
1517 20 89.82281455 -5.6446423
1518 20 89.5281396 -9.20392418
1519 20 89.35726463 -10.73681785
1520 20 89.09102644 -12.75887955
1521 20 88.85929434 -14.28376035
1522 20 88.22262043 -17.79801236
1523 20 87.47802232 -21.15645556
1524 20 86.56976133 -24.61049418
1525 20 86.13529814 -26.09042763
1526 20 85.52197738 -28.03553789
1527 20 85.02897303 -29.49701247
1528 20 83.79172818 -32.84731783
1529 20 82.47525464 -36.02544062
1530 20 80.98100466 -39.26928677
1531 20 80.29615421 -40.65129296
1532 20 79.35438632 -42.46035059
1533 20 78.61508941 -43.81401279
1534 20 76.81486667 -46.89857417
1535 20 74.96651809 -49.7998109
1536 20 72.93168115 -52.73490195
1537 20 72.01725226 -53.97698933
1538 20 70.77565238 -55.59502703
1539 20 69.81252608 -56.7997465
1540 20 67.5040243 -59.52484106
1541 20 65.17996182 -62.06103913
1542 20 62.66636542 -64.59819383
1543 20 61.55014254 -65.66262219
1544 20 60.04643605 -67.04047671
1545 20 58.88874447 -68.05964865
1546 20 56.14210632 -70.34247578
1547 20 53.41294539 -72.43657408
1548 20 50.49696388 -74.49870227
1549 20 49.21286289 -75.3531295
1550 20 47.49273916 -76.44893542
1551 20 46.17565816 -77.25159282
1552 20 43.07433884 -79.02278996
1553 20 40.02300365 -80.61116039
1554 20 36.79323764 -82.13560534
1555 20 35.3802753 -82.75407011
1556 20 33.49599941 -83.53453192
1557 20 32.05954784 -84.09628644
1558 20 28.69777937 -85.30203666
1559 20 25.41698319 -86.33641738
1560 20 21.9715675 -87.2768596
1561 20 20.47267595 -87.64057017
1562 20 18.48150067 -88.08197394
1563 20 16.96932438 -88.38575694
1564 20 13.4492524 -88.98942415
1565 20 10.03868056 -89.43838601
1566 20 6.4823024 -89.76625065
1567 20 4.9430247 -89.86415585
1568 20 2.90545089 -89.95308975
1569 20 1.36349659 -89.98967095
1570 20 -2.2079233 -89.97291301
1571 20 -5.6446423 -89.82281455
1572 20 -9.20392418 -89.5281396
1573 20 -10.89424363 -89.33820826
1574 20 -12.80435644 -89.08450177
1575 20 -14.28376035 -88.85929434
1576 20 -17.79801236 -88.22262043
1577 20 -21.15645556 -87.47802232
1578 20 -24.61049418 -86.56976133
1579 20 -26.09042763 -86.13529814
1580 20 -28.03606101 -85.52180589
1581 20 -29.49717857 -85.02891542
1582 20 -32.84768149 -83.79158562
1583 20 -36.02797639 -82.47414696
1584 20 -39.27193199 -80.97972189
1585 20 -40.65404596 -80.2947604
1586 20 -42.46329372 -79.35281146
1587 20 -43.81714308 -78.61334474
1588 20 -46.90239957 -76.81253097
1589 20 -49.802045 -74.96503394
1590 20 -52.73706535 -72.93011681
1591 20 -53.98097272 -72.01426653
1592 20 -55.59912717 -70.77243148
1593 20 -56.80210172 -69.8106098
1594 20 -59.52975553 -67.49969042
1595 20 -62.06609502 -65.17514748
1596 20 -64.60283148 -62.66158445
1597 20 -65.66721732 -61.54524002
1598 20 -67.04510112 -60.0412726
1599 20 -68.064361 -58.88329782
1600 20 -70.34547465 -56.13834871
1601 20 -72.4417971 -53.4058614
1602 20 -74.50136058 -50.49304181
1603 20 -75.35572742 -49.20888481
1604 20 -76.45338812 -47.48557092
1605 20 -77.25606103 -46.16818205
1606 20 -79.02759428 -43.06552382
1607 20 -80.61383175 -40.01762276
1608 20 -82.13788275 -36.78815322
1609 20 -82.75782107 -35.37150055
1610 20 -83.5381376 -33.48700594
1611 20 -84.09983114 -32.05024809
1612 20 -85.30565501 -28.68702188
1613 20 -86.33969034 -25.40586295
1614 20 -87.27945194 -21.96126747
1615 20 -87.64296699 -20.4624128
1616 20 -88.08415943 -18.47108168
1617 20 -88.38781012 -16.95862676
1618 20 -88.99126368 -13.43707514
1619 20 -89.43977694 -10.02628054
1620 20 -89.7670668 -6.47099051
1621 20 -89.86477114 -4.931826
1622 20 -89.95345315 -2.89417802
1623 20 -89.98984447 -1.35199547
1624 20 -89.97259544 2.22082637
1625 20 -89.8200919 5.68780201
1626 20 -89.52769589 9.20823915
1627 20 -89.3566873 10.74162158
1628 20 -89.09041682 12.76313563
1629 20 -88.85859931 14.28808345
1630 20 -88.22152785 17.80342728
1631 20 -87.47802232 21.15645556
1632 20 -86.56976133 24.61049418
1633 20 -86.13529814 26.09042763
1634 20 -85.52197738 28.03553789
1635 20 -85.02897303 29.49701247
1636 20 -83.79172818 32.84731783
1637 20 -82.47525464 36.02544062
1638 20 -80.98100466 39.26928677
1639 20 -80.29310542 40.65731449
1640 20 -79.36465718 42.44114973
1641 20 -78.6129874 43.81778419
1642 20 -76.79390341 46.9328925
1643 20 -74.94462314 49.83275492
1644 20 -72.93528494 52.7299176
1645 20 -71.99684698 54.00420378
1646 20 -70.84123288 55.51143777
1647 20 -69.80851445 56.80467683
1648 20 -67.47971551 59.55239705
1649 20 -65.19564719 62.04456131
1650 20 -62.64390758 64.61997248
1651 20 -61.52796218 65.68340635
1652 20 -60.0608396 67.02757304
1653 20 -58.86612668 68.07921217
1654 20 -56.14210631 70.34247578
1655 20 -53.38797628 72.45497904
1656 20 -50.47481458 74.51371078
1657 20 -49.19121447 75.36726358
1658 20 -47.47132887 76.46223209
1659 20 -46.21307203 77.2292171
1660 20 -43.05098512 79.03551531
1661 20 -40.0912392  80.57724579
1662 20 -36.86713136 82.10246418
1663 20 -35.4584227 82.72061569
1664 20 -33.4776363 83.54189289
1665 20 -32.04130654 84.1032382
1666 20 -28.81471733 85.26260649
1667 20 -25.54767407 86.29783514
1668 20 -21.95661401 87.28062271
1669 20 -20.45848616 87.64388367
1670 20 -18.46803177 88.08479893
1671 20 -16.95621004 88.38827378
1672 20 -13.43616624 88.99140092
1673 20 -10.02711038 89.43968391
1674 20 -6.47336855 89.76689534
1675 20 -4.93486225 89.86460446
Faces:
800 801 802 803 804 805 806 807 808 809 810 811 812 813 814 815 816 817 818 819
820 821 822 823 824 825 826 827 828 829 830 831 832 833 834 835 836 837 838 839
840 841 842 843 844 845 846 847 848 849 850 851 852 853 854 855 856 857 858 859
860 861 862 863 864 865 866 867 868 869 870 871 872 873 874 875 876 877 878 879
880 881 882 883 884 885 886 887 888 889 890 891 892 893 894 895 896 897 898 899  
900 901 902 903 904 905 906 907 908 909 910 911 912 913 914 915 916 917 918 919
920 921 922 923 924 925 926 927 928 929 930 931 932 933 934 935 936 937 938 939
940 941 942 943 944 945 946 947 948 949 950 951 952 953 954 955 956 957 958 959
960 961 962 963 964 965 966 967 968 969 970 971 972 973 974 975 976 977 978 979
980 981 982 983 984 985 986 987 988 989 990 991 992 993 994 995 996 997 998 999  
1000 1001 1002 1003 1004 1005 1006 1007 1008 1009 1010 1011 1012 1013 1014 1015 -1455 1454 1453 1452 1451 1450
1449 1448 1447 1446 1445 1444 1443 1442 1441 1440 1439 1438 1437 1436 1435 1434 1433 1432 1431 1430
1429 1428 1427 1426 1425 1424 1423 1422 1421 1420 1419 1418 1417 1416 1415 1414 1413 1412 1411 1410
1409 1408 1407 1406 1405 1404 1403 1402 1401 1400 1399 1398 1397 1396 1395 1394 1393 1392 1391 1390
1389 1388 1387 1386 1385 1384 1383 1382 1381 1380 1379 1378 1377 1376 1375 1374 1373 1372 1371 1370
1369 1368 1367 1366 1365 1364 1363 1362 1361 1360 1359 1358 1357 1356 1355 1354 1353 1352 1351 1350
1349 1348 1347 1346 1345 1344 1343 1342 1341 1340 1339 1338 1337 1336 1335 1334 1333 1332 1331 1330
1329 1328 1327 1326 1325 1324 1323 1322 1321 1320 1319 1318 1317 1316 1315 1314 1313 1312 1311 1310
1309 1308 1307 1306 1305 1304 1303 1302 1301 1300 1299 1298 1297 1296 1295 1294 1293 1292 1291 1290
1289 1288 1287 1286 1285 1284 1283 1282 1281 1280 1279 1278 1277 1276 1275 1274 1273 1272 1271 1270
1269 1268 1267 1266 1265 1264 1263 1262 1261 1260 1259 1258 1257 1256 1255 1254 1253 1252 1251 1250
1249 1248 1247 1246 1245 1244 1243 1242 1241 1240 1455 -1015.